"Contig.Start.Stop"	"gene_ID"	"NO BT Fst_1990"	"NO BT Fst_2015"	"BT Fst_1990"	"BT Fst_2015"	"MN BT Fst_1990"	"MN BT Fst_2015"
"000000F:913589:914176"	"ID=PCA_SD_00178"	0.0886687898756776	0.0161720336392824	0.0735445876613106	0.0686787583339307	0.0450230871965251	0.0144646569646569
"000000F:573010:574463"	"ID=PCA_SD_00103"	-0.00175208822175099	-0.0694646569646569	0.00106034158305424	-0.0411439788089534	-0.0154071189969835	-0.0565887021354892
"000000F:563401:564799"	"ID=PCA_SD_00101"	-0.00336901880417462	0.0322024151811384	-0.0171106389633491	-0.00240909433110015	-0.0245151712791551	-0.026854880358065
"000000F:289774:290331"	"ID=PCA_SD_00060"	-0.0472465726783289	0.0476244951864674	-0.0429497927826101	0.00719473446746177	-0.043926194584631	0.0974627114203086
"000000F:814467:815420"	"ID=PCA_SD_00152"	0.00397625570770388	-0.0624745083600182	0.0226189682667332	-0.044837055796167	-0.0178106393017174	-0.0496982282777099
"000000F:829776:830141"	"ID=PCA_SD_00156"	0	0	0	0	0	0
"000000F:1231366:1232296"	"ID=PCA_SD_00244"	0.0237514251404304	0.193373509829206	0.0259193122788095	0.071834885147213	0.0335810832677103	0.186962895735883
"000001F:624410:624709"	"ID=PCA_SD_02120"	-0.0400421640842139	0.224173260144483	-0.0391603413635935	0.0529018360343662	-0.0333164751095365	0.0709415904946631
"000001F:374182:374945"	"ID=PCA_SD_02087"	0.00574681589662684	-0.0392215411260894	-0.00627578243603222	-0.0318292846809958	0.0133046408441753	-0.0508708146503423
"000001F:430597:431094"	"ID=PCA_SD_02096"	0.057596481157442	-0.0125849091647583	0.0281813548774622	-0.00402972225954645	0.00185536392898134	0.0214190403289404
"000001F:746177:746739"	"ID=PCA_SD_02142"	0	0	0	0	0	0
"000001F:509952:510230"	"ID=PCA_SD_02106"	-0.0153007478879827	-0.0193051221800788	-0.00906279964125445	-0.0149845621441655	-0.0164854286846576	-0.010766732494814
"000005F:593093:594625"	"ID=PCA_SD_00898"	0.0465324384787473	-0.0107072993148942	0.0330618112122665	-0.0203175203175203	-0.0039852851011648	0.00363700523828647
"000005F:567015:567533"	"ID=PCA_SD_00890"	0	0.0605406622976169	-0.0322580645161288	0.00158481306022296	-0.0208333333333333	0.0426559453796808
"000005F:135027:137543"	"ID=PCA_SD_00806"	-0.0280172413793103	0.0189161669306075	0.0819672131147541	-0.010342905079747	0.016304347826087	-0.000732699362836264
"000005F:675481:676957"	"ID=PCA_SD_00908"	-0.0244211861718997	-0.0466062700189238	-0.0598238688126327	-0.0213838527296788	-0.013684744044602	0.0202519380334997
"000005F:453023:453535"	"ID=PCA_SD_00866"	0	-0.0292168644349582	0	0.0162385876671589	0	-0.0322127197127198
"000005F:433651:434266"	"ID=PCA_SD_00860"	-0.0820895522388061	0.0370997305908549	-0.0675675675675675	0.0664459658090231	-0.0636942675159236	-0.0259178687013739
"000003F:244887:245654"	"ID=PCA_SD_00495"	0.0161639089214651	0	-0.0171936860502828	0	-0.00425791581657031	0
"000003F:603463:603823"	"ID=PCA_SD_00566"	0.126158980338547	0	0.142805386432288	-0.064516129032258	0.0285036747061646	-0.0465116279069766
"000003F:572220:572558"	"ID=PCA_SD_00561"	0.0519401237144228	0	0.00397328905677896	0	0.0517602170483277	0
"000003F:435336:435903"	"ID=PCA_SD_00535"	-0.00183835272772925	-0.147838214783822	0.00807024443830373	-0.121834360027378	-0.0114613770962038	-0.12856196156395
"000003F:46631:46951"	"ID=PCA_SD_00457"	-0.0436468912228589	0.0509708737864077	-0.0393088710553475	-0.0287253141831236	-0.0382776897772181	-0.0657193605683835
"000003F:367061:367573"	"ID=PCA_SD_00521"	0.108265526496412	-0.150375939849624	0.0460852337941912	-0.00593119810201648	0.0511704520581476	0.00118623962040332
"000003F:384634:385410"	"ID=PCA_SD_00525"	0.00139316232816911	0.278560250391236	-0.0162446014821167	0.117199391171994	-0.00407546141067439	0.230842911877395
"000003F:204499:204931"	"ID=PCA_SD_00483"	0.00702761324688117	0	0.0121826392318273	0	0.0248017943477135	0
"000004F:762397:762771"	"ID=PCA_SD_00428"	-0.0406991418475517	-0.0259575625429282	-0.0327555289898385	0.0167370479406141	-0.0417286706349205	0.0503611780207525
"000004F:430073:430447"	"ID=PCA_SD_00356"	0.0104482681345472	-0.0303504197309505	0.00221862760562441	-0.0330819601652934	0.0396266743833122	-0.0140034390225665
"000004F:614511:615329"	"ID=PCA_SD_00393"	0.0162879556254634	-0.0910149594360119	0.0261627749800216	-0.0556562924983979	0.0865219673703224	-0.0745314429524955
"000004F:645023:645978"	"ID=PCA_SD_00401"	0.0378938504428502	-0.0437411095305831	0.00819518552156251	-0.0058646882176292	-0.00161326614426627	0.0441732054635281
"000004F:360671:360919"	"ID=PCA_SD_00335"	0.0638665791492595	0.111510111510111	0.118204469810986	0.0326497826497826	0.0254996165291119	0.0735287878145023
"000002F:548341:549195"	"ID=PCA_SD_01038"	-0.043433747768113	0	-0.0468905265455466	0	-0.0395206388251046	0
"000002F:513558:514490"	"ID=PCA_SD_01033"	0.0322528192341551	-0.0377540299643513	-0.00962209608283016	-0.0395970887774166	0.0068810186613345	-0.0257940922147564
"000002F:379458:379772"	"ID=PCA_SD_01003"	0.0315222939107163	-0.0623625160830243	0.021156420462922	-0.0115475104647906	-0.0107688447663608	0.00675896428609968
"000002F:34349:34733"	"ID=PCA_SD_00941"	0.160065135565831	-0.0479074392117869	0.0766682321915838	-0.0384064091007774	0.0762815580449918	-0.0514699462067885
"000007F:777045:777887"	"ID=PCA_SD_02534"	-0.0513122206261543	0.0789232094239681	-0.0498187979545766	0.0337914084857851	-0.0508892992022594	-0.000127709201609871
"000008F:359628:360358"	"ID=PCA_SD_01147"	-0.0357329227420262	-0.0426852705203222	-0.0173184383659339	-0.0440612918644554	-0.0207383374422669	-0.0376157391082763
"000008F:715224:715916"	"ID=PCA_SD_01218"	0.0269395153188634	-0.0617857676681206	0.021364333922773	-0.0541750991189194	-0.0131115677265057	-0.0406175406175406
"000008F:675097:675729"	"ID=PCA_SD_01213"	0.0454123262101634	-0.0234058590418762	0.0629241006323832	-0.0302594894693409	0.091250000655816	0.0124218422272365
"000008F:671948:672723"	"ID=PCA_SD_01212"	0.042015005943934	-0.0610061678022844	0.0312871765804761	-0.0278624135983774	0.0703330533010891	-0.0356572944808238
"000008F:123907:124824"	"ID=PCA_SD_01104"	0.0590370465504841	0.127767147263492	0.0205932072168998	0.0226162301633999	0.0151355169944255	0.0572773570048776
"000008F:760033:760609"	"ID=PCA_SD_01226"	0.00774917585825552	-0.0062906893892809	0.0658869343015844	-0.0111405541733409	0.0425819948989524	-0.0179227304227305
"000008F:277841:278209"	"ID=PCA_SD_01130"	-0.0467970509276405	-0.00766585665515529	-0.0368228827875126	-0.014397472774712	-0.0390945471403525	-0.0271350536056418
"000008F:320858:321430"	"ID=PCA_SD_01137"	-0.0109105955637812	-0.0433023385711968	0.00619800602066478	-0.0400171885401643	-0.0164479775452455	-0.0531133889342843
"000008F:652711:653520"	"ID=PCA_SD_01208"	0.023247396632759	-0.0882184074544239	-0.00247425021849845	-0.0583135218551885	0.0452559573852142	-0.0747304970919616
"000006F:272786:273406"	"ID=PCA_SD_00671"	0	0.192348220799222	0	0.0666031594824167	0	0.0685286935286936
"000006F:642113:642862"	"ID=PCA_SD_00750"	0.0372935535428875	-0.0146099085665792	-0.016455101081335	-0.0124575559931761	-0.0511197663096397	-0.0414455179161062
"000006F:384851:385879"	"ID=PCA_SD_00688"	-0.0765883376849434	-0.00457938578743966	-0.0753809141940658	-0.0286774083368655	-0.0673352435530088	-0.00104131359580362
"000006F:766973:767712"	"ID=PCA_SD_00779"	0	0.181629181629182	0	0.0575623700623701	0	0.028528030683203
"000006F:620486:621467"	"ID=PCA_SD_00743"	-0.0564373897707231	-0.0683352401774067	-0.0695652173913039	-0.0237475659162407	-0.0421348314606742	-0.0197196292566022
"000009F:735389:735977"	"ID=PCA_SD_01510"	-0.0349437021851766	-0.0179647102724025	-0.0356524914460252	-0.0298959837910553	-0.0392586779216364	0.00180435664306633
"000009F:737455:738021"	"ID=PCA_SD_01511"	-0.0307845756372636	-0.0338913574207691	-0.0131323317082894	-0.0324340712854225	-0.0206859684570764	-0.0255502755502754
"000009F:53591:53956"	"ID=PCA_SD_01372"	-0.0489673137909203	-0.0816013781313465	-0.0495273954215105	-0.061797880876828	-0.048898849547121	-0.0729407952240004
"000009F:360939:361466"	"ID=PCA_SD_01439"	0.0430569102099214	-0.0305775011372298	-0.000333291844150096	-0.0215162650587006	-0.0052980215403049	-0.0381535755503701
"000009F:195700:196406"	"ID=PCA_SD_01403"	-0.0126557279490815	-0.061426394874448	-0.00812926293792082	-0.0284452326572204	0.0246959168509835	-0.0659210943734321
"000009F:730428:731021"	"ID=PCA_SD_01508"	0	0	0	0	0	0
"000009F:571032:571626"	"ID=PCA_SD_01474"	0	0	0	0	0	0
"000009F:579690:580284"	"ID=PCA_SD_01476"	0	0	0	0	0	0
"000009F:588348:588942"	"ID=PCA_SD_01478"	0	0	0	0	0	0
"000010F:562670:563837"	"ID=PCA_SD_01746"	-0.0414529249950935	0.10679088857199	-0.0449403167793545	0.0398843843573921	-0.0411773882821382	0.0897654928743012
"000010F:560312:561495"	"ID=PCA_SD_01745"	-0.0221850739200171	0.103316102618266	-0.0298775619220806	0.0461640978608104	-0.0298279014882781	0.0444311489327566
"000010F:388043:388350"	"ID=PCA_SD_01707"	0.0742867036514352	-0.0373297579563898	0.0310582058195518	-0.0186599375788565	0.0417346739602237	0.0204350692155569
"000011F:503335:503767"	"ID=PCA_SD_01875"	0.0654329884212421	0.0648648648648649	0.0376062946584069	0.0648648648648649	0.0529872003616328	0.0648648648648649
"000011F:493637:494534"	"ID=PCA_SD_01871"	0.0503788508363452	0.081081081081081	0.0444788744418116	0.081081081081081	0.0600878795454109	0.081081081081081
"000013F:356292:356714"	"ID=PCA_SD_01301"	-0.0333333333333337	0	-0.0357142857142858	0	0	0
"000013F:119632:120696"	"ID=PCA_SD_01247"	0.0601934095781942	-0.0870760386178888	0.0198048681846716	-0.0499420746100063	0.0158810843261575	-0.0693533099074661
"000013F:333916:334353"	"ID=PCA_SD_01294"	-0.0254373924029667	0.00456720783939424	0.0257781709174897	0.0241194322088767	-0.0118157384411255	0.0104798457071185
"000013F:569107:569742"	"ID=PCA_SD_01342"	0.0889248569902019	-0.0516716782811204	0.168292862716332	-0.0381548004498824	0.0750072882338528	-0.0619612209570368
"000013F:566446:567283"	"ID=PCA_SD_01341"	0.0091258933479933	0	-8.36750062760405e-05	0	-0.00212615166548535	0
"000013F:554010:554634"	"ID=PCA_SD_01340"	0	0	0	0	0	0
"000013F:551960:552792"	"ID=PCA_SD_01339"	-0.0102686766647868	-0.0704867678551888	-0.00129752395287852	-0.0328791798257448	-0.018098615409782	-0.0673057085270825
"000013F:305464:306299"	"ID=PCA_SD_01286"	-0.0217197098602162	0.407855826478082	-0.0263880070606641	0.141308051834368	-0.0337735552816387	0.266824669137511
"000013F:158835:159475"	"ID=PCA_SD_01254"	0.0601991630938429	0.0152038047180685	0.0446708973060936	-0.0165742254124293	0.00174326224015053	-0.0101494080768691
"000016F:279021:279924"	"ID=PCA_SD_01566"	-0.00853220545184019	-0.0492277992277992	-0.0077636095209026	0.00797518830305699	0.0479694783442183	0.075424261470773
"000016F:572917:573893"	"ID=PCA_SD_01631"	-0.00420576600963796	-0.0285832462028495	0.00172856190057336	-0.0166267130552844	-0.015017800417833	0.00687122906255277
"000016F:570644:571653"	"ID=PCA_SD_01630"	-0.0195625098599352	-0.0238473767885532	-0.0233686027753257	-0.038240368027602	-0.0313945698199332	-0.0133741989412091
"000016F:91906:92272"	"ID=PCA_SD_01525"	0	0	0	0	0	0
"000016F:76383:76784"	"ID=PCA_SD_01521"	0.0804572626299024	-0.00225577489902795	0.0717485567483724	-0.0152101277101275	0.0231180622071238	-0.0256207624628677
"000016F:213944:214802"	"ID=PCA_SD_01556"	0.0177895948687024	0.168315556359035	0.117836899628455	0.0593412474600594	0.0501506616009433	0.100757771346007
"000016F:487643:488799"	"ID=PCA_SD_01612"	-0.0387019601790399	0.0540540540540539	-0.0352164600962044	0.0540540540540539	-0.0420097863706885	0.0540540540540539
"000016F:129352:130042"	"ID=PCA_SD_01533"	0.0215485259200633	0.133335258335258	0.0187226449615011	0.0687458917547412	0.0437520608191263	0.0470723030723031
"000014F:208569:209084"	"ID=PCA_SD_02206"	-0.0134052139503413	0.00733028727359009	-0.00486126416852151	0.0232682515291212	0.027080846218519	-0.014344975652514
"000014F:219603:219956"	"ID=PCA_SD_02208"	-0.0370998935344702	-0.0549543006802511	-0.0436932593383272	-0.0303908110702658	-0.0389451087668669	-0.0438690494660645
"000014F:145456:146442"	"ID=PCA_SD_02192"	-0.010042110549644	0.0193262935958506	0.0138582541215805	0.0246899209898237	0.016933795069921	0.0411139702123308
"000014F:167310:168305"	"ID=PCA_SD_02199"	0.0200139971014853	-0.0457810266386069	-0.0184432458606263	-0.0455922090039269	-0.00292580929204544	-0.0330772266376909
"000014F:403664:404496"	"ID=PCA_SD_02234"	0.0103239565472909	-0.0862643465383188	0.00914689428688475	-0.0634547591069332	0.0387492260061918	-0.0811671544155621
"000014F:450496:451300"	"ID=PCA_SD_02247"	-0.0296665394935003	-0.0801400389629674	-0.0348416133448803	-0.0394777591202495	-0.0378642664022224	-0.0451093520900081
"000014F:423333:424152"	"ID=PCA_SD_02238"	0.0155646428921107	-0.0901284379545249	0.014100919803624	-0.0619628755221975	0.00783303311637862	-0.076903048001314
"000014F:425480:426288"	"ID=PCA_SD_02239"	0.00917745075590137	-0.0405914069653093	0.0498420017141462	-0.0124522428187348	0.0303626845240393	-0.0185916445154648
"000015F:416875:417149"	"ID=PCA_SD_01990"	0	0	0	0	0	0
"000015F:180083:180771"	"ID=PCA_SD_01946"	-0.0787564766839379	-0.0338561129297621	-0.0176165803108808	-0.0331678969770184	-0.0515151515151515	-0.0234292069058266
"000015F:471352:472738"	"ID=PCA_SD_02001"	0.0144819903453397	0.0423675920975465	-0.038184726109556	-0.00479324982123086	-0.0403739061256962	0.01954130765157
"000015F:344961:345449"	"ID=PCA_SD_01975"	0.00685244403837371	0.197290424563152	-0.0294659300184161	0.0875633189682778	-0.0170648464163823	0.263604327434115
"000015F:147661:148251"	"ID=PCA_SD_01939"	0.119922630560928	0.0473299634207828	0.135618479880775	0.00590998831771505	0.114420062695925	-0.0053881998709584
"000015F:77886:78304"	"ID=PCA_SD_01924"	0.162488038277512	-0.060220279846448	0.0335522265544841	-0.033181571398132	0.198227448227448	-0.0585794508180653
"000015F:370018:370506"	"ID=PCA_SD_01984"	0.0122699386503068	0.125489883746158	0.0218579234972678	0.0323431330142739	0.00653594771241839	0.150795357691909
"000017F:146088:146894"	"ID=PCA_SD_02669"	-0.0450613537948839	0.0283783783783783	-0.0377824574805998	-0.0125815470643058	-0.0283816391313354	-0.0333011583011584
"000017F:368586:369801"	"ID=PCA_SD_02708"	-0.0209743462530967	-0.0136430823516915	0.0113236573446256	-0.00257292006794985	0.0284987710284774	0.0146402937454444
"000017F:134167:134592"	"ID=PCA_SD_02664"	-0.0285023530405657	0.027027027027027	-0.0223989040328829	0.027027027027027	-0.0279121588345292	0.027027027027027
"000017F:184835:185781"	"ID=PCA_SD_02673"	0.0784079781751634	-0.0641218289454852	0.0205619211807022	-0.0398711543477692	0.0518567348810401	-0.0626712796178446
"000017F:287748:288239"	"ID=PCA_SD_02691"	-0.0265499122228376	-0.0649573575425277	-0.0281750911849368	-0.0541539651969098	-0.0146171732734524	-0.0511567670658579
"000019F:82849:83489"	"ID=PCA_SD_02977"	0.0954740598260304	-0.0861346120404705	0.0306247085746304	-0.0599419898138711	0.0111355244160379	-0.0631765080163655
"000019F:60246:60684"	"ID=PCA_SD_02970"	0.0317600020117184	0.0687832552239331	0.0412633379856828	-0.0109007136034163	0.042876871478989	0.0107833953987798
"000019F:463492:464202"	"ID=PCA_SD_03053"	0.0252760814033515	0.149985880164122	0.00425085932365354	0.0353926458647489	-0.0165306283727338	0.0456511881008526
"000018F:241107:241556"	"ID=PCA_SD_05075"	0	0	0	0	0	0
"000018F:121954:122789"	"ID=PCA_SD_05057"	0.0315046981813217	0.0300279638383395	0.0241615400438607	-0.00787091140352048	-0.00779950459494216	0.0386499349813821
"000021F:339036:339305"	"ID=PCA_SD_02816"	-0.02107828777444	-0.0786765992245446	-0.0371025603223745	-0.0404632390933761	-0.0225339020532387	-0.0374708861550967
"000021F:129542:130428"	"ID=PCA_SD_02769"	0.0478649410988702	0.26077013905484	0.0125208456700555	0.134273172959577	-0.000271947849633136	0.105546756174969
"000021F:411314:411901"	"ID=PCA_SD_02826"	-0.0267576095914426	0.0481062323167587	-0.021286164193445	-0.000768326855283386	-0.0323749453104252	0.0198499502847329
"000021F:43440:44136"	"ID=PCA_SD_02756"	-0.0288829437918703	-0.0478829769343072	-0.0311219998483889	0.0167364603755505	-0.0372010018526214	0.0566901503297261
"000020F:110723:111588"	"ID=PCA_SD_03166"	-0.0498261877172652	-0.0348815749797746	-0.0539155391553914	-0.0315913995854389	-0.0541294642857144	-0.0448655084973328
"000024F:243100:243552"	"ID=PCA_SD_03405"	-0.00889827784660779	-0.056061471001652	-0.0279305856597412	0.00582767203150436	0.000997239822433382	0.0123545804396868
"000024F:176013:176402"	"ID=PCA_SD_03391"	0.057427405223158	-0.00882175190475576	0.0667204550223178	0.0510659652259066	0.0471599221723839	0.107820040150867
"000025F:449959:450258"	"ID=PCA_SD_04280"	0.00239884500055565	-0.0232570487973238	-0.0145774208083984	-0.0168881753040169	0.0534592922136176	0.0108814697049989
"000025F:89578:90363"	"ID=PCA_SD_04234"	0	0	0	0	0	0
"000025F:4840:5993"	"ID=PCA_SD_04215"	-0.0217120530242234	-0.0219186500569732	-0.0143935690619736	-0.0146971317201054	-0.0222253904623779	0.0163110255134795
"000025F:71068:71853"	"ID=PCA_SD_04229"	0	0	0	0	0	0
"000022F:310725:311926"	"ID=PCA_SD_02913"	0.0772848607276568	-0.0388413561490484	0.0309287483659993	-0.0433645058735181	0.0682490336897174	-0.0119411589999825
"000022F:463755:464919"	"ID=PCA_SD_02952"	0.103671400780664	-0.0544723424304576	0.0765981349678367	-0.0408482280217626	0.0193376054829341	-0.0403845471659385
"000023F:13148:13579"	"ID=PCA_SD_03255"	0.261212419911286	0.0740740740740741	0.0483701366982122	0.0740740740740741	0.163813049514114	0.0740740740740741
"000023F:272624:273793"	"ID=PCA_SD_03307"	0.16710875331565	0	0.0661538461538465	0	0.0419254658385093	0
"000028F:423854:424362"	"ID=PCA_SD_03628"	0.0585498934187806	-0.00331887785762319	0.0610090089098202	0.00281587326121746	0.00670851998386912	-0.028141237936697
"000028F:426502:427155"	"ID=PCA_SD_03629"	0.10195769745252	0.0523258747345842	0.210533016212528	-0.00600679093583367	0.0441707879170175	0.0242749803222674
"000028F:375271:376772"	"ID=PCA_SD_03614"	-0.00114741172798705	-0.0642746408531858	-0.00371882443349136	-0.00215232577398883	-0.0132458563877613	-0.0305481114729669
"000028F:33039:33575"	"ID=PCA_SD_03540"	0	0	0	0	0	0
"000027F:233969:234526"	"ID=PCA_SD_04940"	0.0356418057299548	0.0592913215864035	0.0071296276479379	-0.0068798555640659	0.0134826895924307	0.0175326802039132
"000027F:249276:250056"	"ID=PCA_SD_04944"	-0.0281022006086491	-0.0153183816900631	-0.0345404834608682	-0.019296368810932	-0.0340152083978134	-0.0193250417969519
"000027F:98682:99705"	"ID=PCA_SD_04913"	0	0.0283783783783784	0	-0.0125815470643058	0	-0.0333011583011584
"000027F:103976:104778"	"ID=PCA_SD_04915"	0	0	0	0	0	0
"000027F:375852:376363"	"ID=PCA_SD_04962"	0.00207204222017121	-0.0879203687772203	0.0458672780417602	-0.0490928228008007	0.015667300994319	-0.0679947284582711
"000031F:313738:315073"	"ID=PCA_SD_04349"	-0.0215207572615892	-0.0705058491327151	-0.0119389471558122	-0.0426025978900693	-0.0327481412927528	-0.0685261400019841
"000031F:51466:52386"	"ID=PCA_SD_04303"	0.0857681177952632	0.0393558077768603	0.0413772944015269	-0.00276394462440988	0.11844875710793	0.0133318626706536
"000026F:412144:413233"	"ID=PCA_SD_04126"	0.0499006571908912	0.0650817700820399	0.12032834014223	0.0142184351808309	0.0936349476069102	0.0664134120547081
"000026F:432090:433004"	"ID=PCA_SD_04131"	-0.0206525511975009	-0.0631640820462571	0.00198587819947049	-0.0418618434095219	-0.0380474452554744	-0.0338938187718674
"000026F:293818:295114"	"ID=PCA_SD_04096"	-0.0910165484633569	-0.0802414046730973	-0.0734953703703705	-0.0322094884372464	-0.0512345679012345	-0.0504166850975363
"000032F:115128:115814"	"ID=PCA_SD_08166"	0.0506145239717594	0	0.00626502594658274	0	0.0133068319274445	0
"000032F:190526:190840"	"ID=PCA_SD_08173"	0.026533332853639	-0.0366758925041135	-2.67184382418684e-05	-0.0391206650081584	-0.00080862379347213	-0.00638951990303349
"000036F:236858:237950"	"ID=PCA_SD_04412"	0.0733802802912168	-0.0238457352551311	0.00900569466479662	0.0184086638413561	0.0170388255120559	0.0222567881256749
"000036F:352900:354496"	"ID=PCA_SD_04435"	0.030148243899457	0.00874403815580271	-0.00701122599277526	-0.0121748563251554	0.0163205862465542	-0.0368972496725801
"000033F:92498:92910"	"ID=PCA_SD_02307"	0.00752516076479814	-0.0145646842538032	-0.00797626665016393	0.03389396918567	-0.0113475238111007	-0.0240589437837144
"000033F:423433:423744"	"ID=PCA_SD_02390"	0.196145329235991	-0.023867873029884	0.236187696732551	-0.018868712120246	0.0780469107480249	-0.0356376770549036
"000033F:185551:186347"	"ID=PCA_SD_02334"	-0.026056117062796	0.100958455195743	-0.0301653103385167	0.0574072832137347	-0.0346853771601139	0.110258164688544
"000033F:245008:245600"	"ID=PCA_SD_02343"	-0.0299014342579136	-0.0774456068573715	-0.0345744985300622	-0.0556983050280637	-0.0426590459105431	-0.0531334402302144
"000033F:122669:123312"	"ID=PCA_SD_02315"	0.00377509480835991	-0.0241712231124325	0.0234930296740989	-0.000527751157474166	-0.0217139377595132	0.0289687710462356
"000033F:117855:118504"	"ID=PCA_SD_02313"	-0.0299655894909647	-0.0172234106152538	-0.0335360589688407	0.0219582633808577	-0.0363108523703239	0.0493986510570528
"000033F:48707:49571"	"ID=PCA_SD_02299"	0.00281261478721739	0.00210210210210204	0.0168335276694409	0.00534810428803367	-0.00437626574175387	0.00285568587455365
"000033F:146249:146587"	"ID=PCA_SD_02322"	-0.0226627546019731	-0.0451205977521767	-0.0133122807440882	0.00903448697566356	-0.0379756368257032	0.0424131710896416
"000033F:359331:360297"	"ID=PCA_SD_02373"	-0.0287822923026781	-0.0653032968934784	-0.0321692603525832	-0.0501267668649643	-0.0288015393519017	-0.0672168849597938
"000034F:56296:56790"	"ID=PCA_SD_03904"	-0.0588235294117647	0	0.0714285714285715	0	0	0
"000035F:275272:276807"	"ID=PCA_SD_08130"	0.0166020226151251	-0.0414753602461859	0.0505583964409416	-0.0454390452438376	-0.00814211921810037	-0.0356400212092354
"000035F:158491:158974"	"ID=PCA_SD_08117"	0.0516004583176489	-0.0497012918947419	0.0138927189955453	-0.00737423814346894	0.0041804397993539	-0.0180941090031996
"000040F:331110:331980"	"ID=PCA_SD_06014"	0	0.0114660114660116	-0.0408163265306121	-0.0276276276276277	-0.05	-0.0324324324324323
"000040F:374995:375379"	"ID=PCA_SD_06024"	0	0.0519798148664128	0	-0.00171956188553701	0	0.0982192104641085
"000040F:198231:198917"	"ID=PCA_SD_05995"	0	0.0190246112033822	0	-0.020674060514698	0	-0.0328037961625749
"000039F:371868:372170"	"ID=PCA_SD_03708"	0.201207243460764	0.12493129734509	0.180571428571428	0.0394669574997445	0.109022556390977	-0.00187297484594784
"000039F:377090:380273"	"ID=PCA_SD_03711"	-0.00955745264533014	-0.0510812382391144	0.00628339151530566	-0.0241659584220137	-0.0192471656458539	-0.0456865723336559
"000048F:279070:279411"	"ID=PCA_SD_06329"	0	0	0	0	0	0
"000048F:17590:17974"	"ID=PCA_SD_06296"	-0.0351666820619012	-0.0814581141289321	-0.0326411533320605	-0.0451125375887123	-0.0418724331550986	-0.0551283292134022
"000038F:121084:121529"	"ID=PCA_SD_03740"	0.0526315789473685	0	0.0526315789473685	0	0.0526315789473685	0
"000042F:246527:246861"	"ID=PCA_SD_04172"	-0.0263976337168894	0	-0.0297666265396506	0	-0.0364929044715034	0
"000042F:278076:278453"	"ID=PCA_SD_04180"	0.130622666806877	0.0427914901599112	0.0383629528366372	0.108123173340565	0.119762894568762	0.225744975744976
"000042F:399367:400597"	"ID=PCA_SD_04212"	0.0185121766926638	-0.0721097351532134	0.0781141165882223	-0.0448413040254132	0.0163613194391795	-0.0310839621300059
"000042F:67752:68387"	"ID=PCA_SD_04143"	0.0353316491518841	-0.0326506711797143	0.0252165601259898	0.0249658528022644	-0.0136029222144245	0.0333038658131365
"000042F:79390:80414"	"ID=PCA_SD_04145"	0.0696964734544656	-0.0523587185214038	0.0331299036589668	-0.00357575903147134	-0.000286477095432724	0.00451181626544384
"000042F:327392:327919"	"ID=PCA_SD_04192"	0.0189091306260646	-0.0462272226978109	-0.0125454535630731	-0.0467027625301006	-0.0136609367376106	-0.0487435596131247
"000044F:51886:52991"	"ID=PCA_SD_03458"	0.0218134981161985	-0.0494873876848125	0.0325013935086357	-0.0321490092918666	0.00480786863485838	-0.0529799029799032
"000044F:251437:252193"	"ID=PCA_SD_03502"	0.0665225878980659	-0.0382144172607102	0.012011415367384	-0.0258881459160594	0.0237000215799518	0.00895671580145718
"000044F:329625:330660"	"ID=PCA_SD_03518"	-0.0346696850485346	0.109625691904173	-0.0228231486127612	0.0700073219353425	-0.016038631223233	0.0755770838245065
"000050F:110320:111279"	"ID=PCA_SD_08631"	0.0338327436237654	-0.0411527985741262	0.0192357068317364	-0.0449578537813833	0.0422695196252535	-0.038302335599633
"000037F:224692:225713"	"ID=PCA_SD_04796"	-0.0228694620498737	-0.0899558004821162	-0.0159017214747994	-0.0602120934307275	0.00209473266585591	-0.0685953551519587
"000055F:304061:304480"	"ID=PCA_SD_07077"	-0.0387500000000001	-0.0592588989377025	0.0314498933901919	-0.034871227846913	-0.0206766917293233	-0.0592054380450284
"000055F:346088:346697"	"ID=PCA_SD_07086"	0	0	0	0	0	0
"000055F:245388:246067"	"ID=PCA_SD_07065"	-0.0159420289855072	0.0360083160083158	-0.0487465181058495	0.0224118510071686	-0.00220264317180607	-0.0221607712804899
"000045F:284343:284981"	"ID=PCA_SD_06273"	-0.0192277141192931	-0.044143170828564	0.00224512622300455	-0.0112951019112921	-0.0144587150779103	-0.00526714428059716
"000045F:76095:77251"	"ID=PCA_SD_06238"	0.0697309494235767	0	0.052040746184137	0	0.00653377382204989	0
"000051F:342769:344392"	"ID=PCA_SD_03140"	0.0227652760083659	-0.0476368713064503	0.0919432427192657	-0.0267525495285639	0.0530785007064787	-0.0180872476246141
"000051F:116058:116628"	"ID=PCA_SD_03085"	-0.0357142857142856	0	0	0	-0.037037037037037	0
"000051F:46013:46892"	"ID=PCA_SD_03068"	-0.012652480889632	0.173477568549437	-0.0125768499883467	0.0545070661802179	-0.0267634220361657	0.162984360953904
"000051F:44043:44797"	"ID=PCA_SD_03067"	0.0137560472018909	0.0535010047544866	-0.0112445690945515	-0.0016351701744961	0.00630527187492647	0.0769694980221296
"000051F:205947:206622"	"ID=PCA_SD_03105"	0.0261291936543552	-0.0939006939006939	-0.0121970396702504	-0.0623784793825279	0.0264187656111891	-0.0763174898415468
"000049F:261436:262448"	"ID=PCA_SD_04021"	0.0496853985543506	0.0478808495275562	-0.000899538839274072	0.0270070253092325	0.0766282722178436	0.0335144875022175
"000049F:146153:146584"	"ID=PCA_SD_03997"	0.0123636284726932	0.0803669863651959	0.0107154319249134	0.0166217152703639	-0.0185411849082275	0.0276033038575888
"000049F:259506:260383"	"ID=PCA_SD_04019"	-0.03930728066571	-0.077456448490931	-0.036590327902406	-0.0559294743271004	-0.0327110590445219	-0.0726845153074662
"000046F:336331:337152"	"ID=PCA_SD_04590"	0.0730303982230402	-0.0910149594360119	0.00637608240338339	-0.0556562924983979	0.0862937930825722	-0.0745314429524955
"000046F:169146:169529"	"ID=PCA_SD_04558"	0	0	0	0	0	0
"000046F:146168:146551"	"ID=PCA_SD_04554"	0.0499094722471801	0.0769230769230769	0.0328357425922035	0.0769230769230769	0.00153203314490891	0.0769230769230769
"000046F:167070:167813"	"ID=PCA_SD_04557"	0.0414352761101987	0.225830701609248	0.0249140254124708	0.072484625796419	-0.00191914611179356	0.142547380828631
"000046F:194315:195185"	"ID=PCA_SD_04564"	-0.00896396245796649	0.0746549244761402	-0.0201351655370594	0.104912286730469	-0.0283908623063216	0.1511811585341
"000046F:73995:74408"	"ID=PCA_SD_04543"	-0.0284369614211852	0.0769230769230769	0.0149512950237862	0.0769230769230769	-0.0139585473442505	0.0769230769230769
"000059F:84766:85020"	"ID=PCA_SD_06912"	-0.00117077963611978	0.0367357648911045	-0.0288049115454403	0.0141075141075141	-0.0021024337956439	-0.0103950103950103
"000059F:175046:175597"	"ID=PCA_SD_06933"	0	0	0	0	0	0
"000063F:177958:178598"	"ID=PCA_SD_09134"	-0.0489673137909203	-0.0545996335011159	-0.0495273954215105	-0.0233254864127348	-0.048898849547121	-0.0049899789108423
"000065F:299419:299805"	"ID=PCA_SD_07143"	0.0182967122194857	-0.0772293321868394	-0.0192939347322978	-0.0621038486892145	0.0204234696102311	-0.0612485817533133
"000065F:143063:143672"	"ID=PCA_SD_07125"	-0.0230660155232418	-0.096539845975512	-0.031602055000111	-0.0593789490848315	-0.0377017312477221	-0.0742371330606626
"000053F:14059:14737"	"ID=PCA_SD_05838"	0	0	0	0	0	0
"000053F:249464:249788"	"ID=PCA_SD_05877"	0	0	0	0	0	0
"000053F:341955:342592"	"ID=PCA_SD_05892"	-0.015147627149084	-0.0815383615864385	-0.0251522596921174	-0.060209047490789	-0.0201588920806413	-0.0680591875238596
"000062F:292889:293284"	"ID=PCA_SD_05173"	-0.0113280067554895	-0.0245651255201049	-0.00201016453215264	-0.0260124320653954	0.0247969507933395	-0.0127130049005049
"000062F:7788:8818"	"ID=PCA_SD_05120"	0.0163635350038747	-0.0644825284189587	0.0235206425501199	-0.0259398101017947	0.0426828856343445	-0.0522546988945254
"000067F:191497:191811"	"ID=PCA_SD_11482"	0.0402833309719327	0	0.0117936414637313	0	0.0024004635901238	0
"000067F:211516:211870"	"ID=PCA_SD_11487"	0.0384432124497576	-0.0350895642724436	0.00125105152310101	0.01010916980174	0.0210999428306516	-0.03407849626337
"000061F:227898:228531"	"ID=PCA_SD_04500"	-0.011561787379252	-0.0690642927485032	-0.0185929279250818	-0.0260744804471038	0.0234447659168869	-0.0618088108582404
"000061F:248993:249976"	"ID=PCA_SD_04506"	0.0095350672352833	-0.0551912859605168	-0.0147816822856253	-0.00302248495019586	0.0016927754298498	-0.00442716067716065
"000061F:241620:242603"	"ID=PCA_SD_04504"	-0.034435014858563	0.134111265690213	-0.0325686850548583	0.200957485361155	-0.0289560465752763	0.0239085239085238
"000069F:336176:336656"	"ID=PCA_SD_03888"	0.0961571972754047	0.0540540540540539	0.0231164903927522	0.0540540540540539	0.131493366452007	0.0540540540540539
"000069F:200372:201025"	"ID=PCA_SD_03855"	-0.00517683448803852	0.00773237005121075	-0.00372916739106888	0.00762606891817275	0.0181851473134903	0.0307025266308655
"000069F:196425:197015"	"ID=PCA_SD_03854"	-0.0107772348022914	-0.00884547693058324	-0.0159906593465526	0.0159581043020748	-0.00359463058361453	0.0155893321971059
"000069F:245323:245978"	"ID=PCA_SD_03863"	0	0.0769230769230768	0	0.0769230769230768	0	0.0769230769230768
"000069F:258553:259059"	"ID=PCA_SD_03868"	0	0	0	0	0	0
"000069F:103749:104212"	"ID=PCA_SD_03832"	0.0575159848898571	-0.0576571366045049	-0.00843215081379278	-0.0504076793139294	0.0424320558986704	-0.0590079261954262
"000069F:120341:120903"	"ID=PCA_SD_03835"	0.0476190476190477	-0.0862643465383188	0.0476190476190477	-0.0634547591069332	0.0476190476190477	-0.0811671544155621
"000069F:345446:345718"	"ID=PCA_SD_03891"	0.0502446592672157	-0.0405405405405406	-0.0161610923861375	-0.0475020475020473	-0.0121971595655808	0.00800800800800805
"000070F:45182:45545"	"ID=PCA_SD_09549"	0.0654791443271744	0	0.0471092821567987	0	0.00431130242612943	0
"000070F:2436:3444"	"ID=PCA_SD_09540"	0.126494006173028	0.0555555555555556	0.0632359936930676	0.0555555555555556	0.0478474103436469	0.0555555555555556
"000070F:63864:64253"	"ID=PCA_SD_09552"	-0.0174417229446113	0	-0.024933565718791	0	-0.0236344839700482	0
"000057F:232074:232373"	"ID=PCA_SD_04869"	0.0105803101083993	0.113450117934423	0.0328752957514158	0.0713088687039481	0.0197389673421543	0.00823648364631968
"000057F:140052:140579"	"ID=PCA_SD_04852"	0.0536289959074417	-0.0178308808659002	0.000216010883755557	0.0556152217442539	0.00887523000545976	0.0598696636381696
"000057F:169524:169832"	"ID=PCA_SD_04857"	-0.00413469673729194	-0.0356227787420449	-0.0154469357901956	-0.0431484115694643	0.00166250552409186	-0.00247575820094914
"000057F:248514:249354"	"ID=PCA_SD_04874"	-0.0369477353894376	0.01008123442491	-0.0379729150083106	0.0836542839773858	-0.040502889821618	0.00360512668204982
"000057F:5913:6265"	"ID=PCA_SD_04823"	0.0343841489557637	-0.0602910602910602	-0.014448036796658	-0.0478170478170477	0.0305839645838166	-0.063738519434722
"000073F:246789:247007"	"ID=PCA_SD_06503"	0.265816923086815	0.0418615462093724	0.085084518288536	-0.00462872160985373	0.110614461196426	0.0415932332175988
"000073F:119881:120264"	"ID=PCA_SD_06485"	0.132376344348901	-0.0505233724745919	0.0275181621376831	-0.0363689247217847	0.059288986521002	-0.0240271766326356
"000073F:119126:119458"	"ID=PCA_SD_06484"	-0.0125886050671968	-0.0428461466523751	-0.0109538141601753	-0.006474502080829	-0.0360879799811176	0.0131679851174943
"000071F:315372:316063"	"ID=PCA_SD_05833"	-0.0345394736842106	0	-0.0395833333333335	-0.03125	-0.040983606557377	-0.0227272727272727
"000071F:106082:106678"	"ID=PCA_SD_05791"	0.00802619746675126	0.000456266615028067	0.00766383357137435	-0.0274043937837041	0.0420521985495366	-0.0208068450843018
"000071F:264672:265520"	"ID=PCA_SD_05823"	-0.000716061882037877	-0.0879939100335168	0.0549010075793797	-0.0569394731765864	0.00684429105544637	-0.0614706981187731
"000071F:267655:268524"	"ID=PCA_SD_05824"	0.00494969724659577	-0.0585300559505202	0.0627924225363277	-0.0168672465418409	0.00690843494518723	-0.0538185001342895
"000071F:218557:219058"	"ID=PCA_SD_05817"	0.000534556874623893	0.0970769281662794	0.119316193296541	0.0196377293151487	0.0522401338030675	0.0977783445686439
"000072F:298161:298471"	"ID=PCA_SD_09402"	0.149293907476416	0	0.0726732435781832	0	0.0492401371992345	0
"000072F:240833:241962"	"ID=PCA_SD_09395"	0.0423712389854419	0.103825136612022	0.0326685544151114	0.0499375780274657	0.02024887265025	0.0876795162509448
"000072F:221379:221947"	"ID=PCA_SD_09389"	0.121360944506784	0	0.0477943323809518	0	0.0489364147036089	0
"000072F:219661:220243"	"ID=PCA_SD_09388"	0.112196091097744	0	0.0546916602547083	0	0.0124741070517276	0
"000072F:183219:184023"	"ID=PCA_SD_09379"	0.0265381310173914	0.0370370370370371	0.0584709918714549	0.0370370370370371	-0.00515232987727643	0.0370370370370371
"000068F:65582:66583"	"ID=PCA_SD_08269"	0.0452302631578947	-0.0417908494831569	-0.00751879699248104	0.00541885105643491	0.0219088390833545	0.0129234226231918
"000068F:240298:240690"	"ID=PCA_SD_08298"	-0.0126091172455289	-0.0113370696167654	-0.0106886856481361	-0.0197957692010975	-0.0277045814182215	0.020326109314371
"000079F:271128:271409"	"ID=PCA_SD_11442"	0.0445412443516698	0	0.0127907575907216	0	0.00269738840368106	0
"000054F:164669:165170"	"ID=PCA_SD_06764"	0.020238182474867	0.06096990477883	0.0020372631352773	0.000344489501484135	0.0185865865459297	0.0574574471633296
"000054F:85959:86252"	"ID=PCA_SD_06742"	0.044385201430552	0.0343002959825389	0.0510196103642658	-0.0174107076085495	-0.0103310603764968	0.00745136276141267
"000054F:89370:89823"	"ID=PCA_SD_06743"	0.04525736508853	0.0681052405190335	0.0515837596545824	-0.0101977928064885	-0.0104435323322976	0.0128358641016867
"000054F:309466:310093"	"ID=PCA_SD_06790"	-0.000313021842322625	-0.0755813953488371	0.018088536413465	-0.0433070866141732	-0.0135028608820249	-0.0793103448275863
"000094F:81949:82828"	"ID=PCA_SD_07500"	-0.0311750599520384	0.00761669532001363	0.0228628230616305	0.000971103902700055	-0.0184782608695651	-0.00287882896578529
"000064F:118443:118904"	"ID=PCA_SD_06119"	0.00889866722413224	0.136445810358854	0.000667786865497288	0.0119356994356994	-0.0269222561010021	0.0471809352406367
"000064F:22904:23536"	"ID=PCA_SD_06105"	-0.0110503312260695	-0.0155042335608517	0.00540325994710777	-0.0257196330872462	-0.0220938651329492	-0.0144277257180483
"000064F:43632:44080"	"ID=PCA_SD_06109"	-0.00273433864860273	-0.0779304924674986	0.0143399980167591	-0.0562268562268562	-0.0153113575611459	-0.0511726794254677
"000064F:121705:122131"	"ID=PCA_SD_06120"	-0.00573070851850321	-0.0814914360283865	-0.020838388955261	-0.0576767286703563	-0.0123023806276814	-0.0665356670718602
"000078F:263805:265160"	"ID=PCA_SD_07020"	0.0533614447411664	0.0764250802885702	0.00428703337290615	0.0308101902131752	0.0467436813608365	0.0742953290830061
"000075F:61638:62700"	"ID=PCA_SD_08058"	-0.0332455554342415	-0.0214140661901856	-0.0377892303468053	-0.0198213948213948	-0.0431827128072511	-0.0432899340334849
"000080F:104171:104905"	"ID=PCA_SD_06060"	0.0406424955527577	-0.0341131884974002	0.000784374490460427	-0.0142799376591127	0.0310160238923893	-0.0314480500972436
"000080F:97056:97410"	"ID=PCA_SD_06058"	-0.00165318332235564	-0.0567045212714503	-0.0283209940598941	-0.0312338149647498	-0.0135383857953693	0.0202332007818292
"000076F:256202:256777"	"ID=PCA_SD_04727"	0.0368031244612028	0.0729006598571815	0.00721633618494488	0.0450052827102007	-0.00227520673341086	0.0321523446523446
"000076F:43917:44678"	"ID=PCA_SD_04684"	-0.017786279309854	-0.0158502764081998	0.0304067026896341	-0.0329047111538086	0.0166674857077332	-0.0292977624983166
"000076F:110576:111228"	"ID=PCA_SD_04695"	0	0	0	0	0	0
"000076F:99197:100167"	"ID=PCA_SD_04692"	-0.0010445950230531	0.100189983793789	-0.0028687854888001	0.0266944071318609	-0.0208052385501256	0.0720384358397513
"000074F:242649:243711"	"ID=PCA_SD_07259"	0.0229675147963547	-0.01985412678482	0.0835000653932187	0.0168955488365808	0.0634558687105646	0.0492057680926293
"000082F:143471:144238"	"ID=PCA_SD_06384"	0.0500987616556621	0.0250177901184613	0.0781453312156775	-0.0194070456079189	0.173050827981342	-0.00262625635759983
"000082F:58087:58717"	"ID=PCA_SD_06366"	0	0	0	0	0	0
"000093F:161570:162521"	"ID=PCA_SD_07729"	0.0259794337744536	-0.0424666664775806	0.0231525897841942	-0.0280246986070529	-0.0122299188589023	-0.0433720328298639
"000093F:141558:142352"	"ID=PCA_SD_07724"	0.147379892867142	-0.0599961515454475	0.0615064173188612	-0.0208234105258194	0.0703983606555101	-0.0591330425584569
"000093F:318836:319183"	"ID=PCA_SD_07763"	-0.0294677796627454	0.00840687142057017	-0.00817202673015305	-0.00762531671978928	-0.00597144500532609	-0.0189265729564236
"000099F:308328:308712"	"ID=PCA_SD_05640"	-0.0109125157189685	0.081081081081081	-0.0171649109795906	0.081081081081081	-0.0196382849014427	0.081081081081081
"000099F:8756:9762"	"ID=PCA_SD_05578"	0.0493682177617263	-0.0779328779328778	0.0279482183085353	-0.0608520608520609	-0.00151365484768395	-0.071940071940072
"000085F:154708:155346"	"ID=PCA_SD_11946"	0	0	0	0	0	0
"000088F:3737:4216"	"ID=PCA_SD_05509"	0.133578613903172	-0.0877704136131103	0.0562708308143656	-0.053652141708822	0.0489769722969641	-0.0571151082099988
"000088F:21298:21594"	"ID=PCA_SD_05513"	0	-0.0713041523852334	0	0.00937093221959673	0	-0.0371574371574372
"000097F:237089:238355"	"ID=PCA_SD_05688"	-0.00767357370612642	0.0786870786870787	0.0289494784413472	-0.00623700623700629	-0.0105326992435606	0.00121275121275111
"000087F:117296:118143"	"ID=PCA_SD_05398"	0.042647301659552	-0.0868007769416219	0.0476589651046152	-0.0590276304562021	-0.01133525614086	-0.0759820043884709
"000087F:70286:70937"	"ID=PCA_SD_05389"	0.0357988626873171	-0.0226678291194422	0.0330257678899484	-0.0389844389844389	0.0475104859037395	-0.0131137054213979
"000111F:104349:105001"	"ID=PCA_SD_07174"	-0.0182257824893828	-0.0363362128068012	-0.0333533768326963	-0.0329670329670331	-0.0162608681047367	-0.0115441764773114
"000100F:268409:269039"	"ID=PCA_SD_08911"	0.0783544812989457	0.238089225943477	0.00474401833763161	0.0926240211954498	0.0658435580693726	0.181098040859727
"000100F:111760:112078"	"ID=PCA_SD_08885"	0.0554119244852297	-0.0593338696786974	0.166791358886062	-0.0038585463041485	0.105342073162032	-0.0398693274531128
"000115F:204287:204637"	"ID=PCA_SD_10868"	-0.0213734976011084	-0.0779328779328778	-0.018075264598852	-0.0608520608520609	-0.0325502468032906	-0.071940071940072
"000115F:213971:214846"	"ID=PCA_SD_10870"	0.201140592041762	0.00744301653851942	0.16504668003979	0.0273833861620122	0.0674121174312667	0.101857363971901
"000108F:5418:5849"	"ID=PCA_SD_07929"	-0.0383146621134789	-0.034992768688421	-0.0398204008646552	-0.0345816799122152	-0.0419511651642732	-0.0493582638693049
"000117F:85034:86504"	"ID=PCA_SD_06591"	-0.0496889667639715	-0.0896273949916397	-0.0427450639970026	-0.0634341580744284	-0.0475192767813051	-0.0720066683922105
"000117F:21288:23206"	"ID=PCA_SD_06581"	0.0383693873124175	-0.059038728603946	0.0165184306506471	-0.0491661711173907	0.0730539763461471	-0.054622352699276
"000117F:76362:77233"	"ID=PCA_SD_06588"	-0.0374899736879586	-0.081757434537119	-0.0356106311656954	-0.0450112965122973	-0.0364528751609534	-0.0537616506660923
"000117F:272896:273368"	"ID=PCA_SD_06625"	0.0331545158985277	-0.0905501853955462	0.108413355925189	-0.0567695302864792	0.0441362886402001	-0.0768301485557203
"000117F:202332:203110"	"ID=PCA_SD_06613"	0.00340286954129643	0	0.0285793369282185	0	-0.0254337010678103	0
"000089F:280334:281128"	"ID=PCA_SD_10770"	-0.023175443323443	-0.0929880929880929	-0.0188245402404004	-0.0653468153468153	-0.0388762540059993	-0.073894965199313
"000116F:173055:173447"	"ID=PCA_SD_07353"	-0.0399201596806389	0.0344560198901294	-0.0405375511558457	0.00761185299838663	-0.0393817127919531	0.0711579987611138
"000102F:140029:141090"	"ID=PCA_SD_09321"	0.177796052631579	0.0416285734897722	0.188013018972771	-0.0123352486022303	0.0847136962866055	0.000464855521035479
"000102F:146248:147235"	"ID=PCA_SD_09322"	-0.0159774775055721	0.0176047607240269	0.00580129410820318	0.00948495665476812	-0.0113546524315167	-0.0134018315836497
"000110F:158546:159064"	"ID=PCA_SD_08340"	0.130510557575291	0.107484407484407	0.0447258684373962	0.0206766206766206	0.0519528816742441	-0.00451104224689147
"000110F:126898:127374"	"ID=PCA_SD_08336"	-0.0134088969320836	0.0412681912681914	-0.0307016123462849	-0.00271327389971443	-0.0277122810846828	0.0195134405660721
"000113F:134512:135197"	"ID=PCA_SD_07785"	-0.0102897370231132	-0.0590317128224307	-0.0153097554122492	-0.0283030886828242	-0.00866802105852393	-0.0369218278014822
"000112F:183507:183782"	"ID=PCA_SD_08841"	-0.028823322154512	0.0278307997606244	-0.0234662871538547	0.0257722694393382	-0.00718129792151756	-0.0148185028821632
"000112F:220969:221761"	"ID=PCA_SD_08851"	0	0	0	0	0	0
"000112F:227588:228410"	"ID=PCA_SD_08853"	0.0186964623235449	-0.0747897541246711	-0.00257031445301226	-0.0461629512724402	0.00735518495663834	-0.0688823959094229
"000112F:58736:59734"	"ID=PCA_SD_08824"	0.00825048008593898	0.00630145826964124	-0.00543298477806098	-0.0156882391169297	-0.000813910859981393	0.031393246273973
"000107F:245203:245751"	"ID=PCA_SD_07322"	0.0509309814777463	0.0143151799956533	0.0651937292282005	-0.0141303602842067	0.0409157815172854	0.00848309967320782
"000107F:238883:239428"	"ID=PCA_SD_07321"	-0.0297045718872342	0	-0.011686911606748	0	0.0126324510530675	0
"000119F:213085:213637"	"ID=PCA_SD_08558"	-0.0778625954198473	0.0491103400802398	-0.000829187396351738	0.00168876867905998	-0.0369080779944291	-0.00786577856641535
"000119F:87140:87486"	"ID=PCA_SD_08537"	0	0.0649759132308448	0	0.00195772695772689	0	0.0419865234393827
"000047F:188520:188975"	"ID=PCA_SD_07849"	0.0578262583782363	-0.0510987783715058	0.1162176439514	0.00855808390054968	0.101878055055313	-0.0233194733194733
"000121F:247:999"	"ID=PCA_SD_11735"	0	-0.046140530856688	0	-0.023906078023725	0	-0.0256804298831494
"000121F:144467:145068"	"ID=PCA_SD_11755"	0	0	0	0	0	0
"000121F:209797:210201"	"ID=PCA_SD_11764"	-0.0555555555555556	-0.0339185967244695	0	0.0204659787993122	-0.0454545454545454	0.0295399555637338
"000122F:96605:97238"	"ID=PCA_SD_06812"	0.0298062593144562	0.0853658536585367	0.136898395721925	0.0575539568345323	0.148760330578512	0.0105263157894736
"000122F:19601:20127"	"ID=PCA_SD_06800"	0.0763888888888888	0	-0.0409356725146197	0	0.0177777777777778	0
"000123F:20886:21752"	"ID=PCA_SD_07877"	0.001567138416809	-0.0223256042928175	-0.0159271067532742	0.0136884790350137	-0.00108368840318929	0.00385106136179114
"000123F:127210:127987"	"ID=PCA_SD_07897"	0.0208794757818079	0.0367616120274207	0.0583479225644331	-0.00248367139558847	0.0338716504034877	-0.00432698072449633
"000123F:252715:253314"	"ID=PCA_SD_07918"	0	0	0	0	0	0
"000120F:64814:65861"	"ID=PCA_SD_10708"	0.0333076381318833	0.0518715809038391	0.0085340457456593	0.0245052603195567	0.0256654014238968	0.0221469742427827
"000146F:12953:13271"	"ID=PCA_SD_15443"	0.0222330018594874	-0.0310525457584279	0.0183363616765729	-0.025114581644565	-0.0140247638412905	-0.0146630227098405
"000118F:42503:42975"	"ID=PCA_SD_07994"	-0.0288737297517105	-0.0679257277647911	-0.0171582201348515	-0.0308860180848134	0.0068227699227994	-0.0313013677068978
"000130F:8300:8680"	"ID=PCA_SD_04989"	0.143929058663029	-0.0674054054054054	0.0710978835978836	-0.0142823633662592	0.0742142025611175	-0.0237136832881515
"000129F:51558:52247"	"ID=PCA_SD_05327"	-0.0365835448083098	-0.0830615768271628	-0.0182466261639449	-0.010146295422369	-0.0326556648353498	-0.0539746649531851
"000129F:222092:222496"	"ID=PCA_SD_05360"	0	0	0	0	0	0
"000129F:71906:72847"	"ID=PCA_SD_05330"	0	0	0	0	0	0
"000129F:115715:116832"	"ID=PCA_SD_05339"	0.0373795830153083	0	0.0191973581159894	0	-0.0124911251199227	0
"000126F:210456:211418"	"ID=PCA_SD_07641"	-0.023076886428766	-0.0855119825708062	-0.0373084077892951	-0.0594940227967748	-0.0295010720123068	-0.0118965911690689
"000126F:149558:150136"	"ID=PCA_SD_07622"	-0.00593135232521713	0	-0.0229707529013268	0	-0.0274990232068326	0
"000086F:232929:233739"	"ID=PCA_SD_08963"	0.0232393569422873	0.192619970397748	-0.00866189467927603	0.0368404983789598	-0.0169863850092415	0.0976471927480573
"000132F:55324:56582"	"ID=PCA_SD_08424"	0.0391661724681439	-0.071304095571032	-0.00842227888555014	-0.0172657020017932	0.0180085686587235	-0.0140286404022669
"000132F:52119:53384"	"ID=PCA_SD_08423"	0.0289794843665551	-0.0764160439250692	-0.0072447027655258	-0.040465226711645	0.0421187311162194	-0.0352559168669826
"000135F:147653:148092"	"ID=PCA_SD_11717"	-0.0265834135511789	0.209034209034209	0.00228733598702635	0.192205080617098	-0.0281241729412121	0.0897101921198307
"000136F:119056:120093"	"ID=PCA_SD_09847"	0.121159184501705	-0.0655323411160198	0.037419878980279	0.00775741131447283	0.0751638009180817	-0.0203494492856195
"000136F:116575:117328"	"ID=PCA_SD_09846"	0.0845439183148304	-0.0871588383886348	0.0720936163429307	-0.0547165124115394	0.0238621120426281	-0.0634598541946785
"000141F:77516:78025"	"ID=PCA_SD_12571"	0	0	0	0	0	0
"000138F:27253:27838"	"ID=PCA_SD_11510"	0.0440648732041092	-0.0432322995181396	0.0379791238669305	-0.0208633269319287	0.0189385541497629	-0.0249370552966623
"000138F:146794:147563"	"ID=PCA_SD_11530"	0.0559968601842555	-0.014260197358789	-0.00505111318371165	-0.0305553249478483	0.0158347806388279	-0.0199134000125232
"000139F:228499:229022"	"ID=PCA_SD_08250"	0.0526315789473685	-0.0856508682595638	0.0526315789473685	-0.0597972972972975	0.0526315789473685	-0.0722936050804901
"000114F:181352:182010"	"ID=PCA_SD_10361"	-0.00403698700912325	-0.0207403729791791	-0.0109065163284321	0.00255206842033195	0.024753246261759	-0.0378491521348665
"000142F:158856:159202"	"ID=PCA_SD_10577"	0.0186815251553127	0	0.0115962900586731	0	-0.019044877385908	0
"000134F:32095:32724"	"ID=PCA_SD_09449"	0.107099631162334	0.0753557547035809	0.0382947313289304	0.0157596685493684	0.0583105184253093	0.0918099604926448
"000134F:35066:35692"	"ID=PCA_SD_09451"	0.0371280044683516	-0.0680543369285092	0.00972746691334958	-0.0332101540724465	-0.00706902803630527	-0.0305403891568941
"000134F:72840:73465"	"ID=PCA_SD_09456"	-0.0139825228098032	0.00293424373691931	-0.0135763097841961	-0.0203883153035695	0.00317019423184972	0.0354885654885653
"000134F:64837:65465"	"ID=PCA_SD_09455"	0.0434742970698502	-0.0794360072522191	0.0398638458341247	-0.0580185695718431	0.00610168617915963	-0.0651235127810454
"000151F:23959:24667"	"ID=PCA_SD_10016"	0	0	0	0	0	0
"000151F:80023:80450"	"ID=PCA_SD_10029"	-0.0497646267652994	-0.074433745486377	-0.00351370344342938	-0.0480502438677342	-0.0521472392638038	-0.0561251511821854
"000145F:47859:48386"	"ID=PCA_SD_05723"	-0.0271690255049388	-0.0729749529749528	0.00287988302747222	-0.0588436788436788	-0.00463891396500915	-0.0602304878620668
"000145F:185339:186058"	"ID=PCA_SD_05759"	-0.0105879417303407	-0.0815990263416848	-0.0266003664109817	-0.0533378553180532	-0.0270933963078814	-0.0525727774497418
"000149F:126658:127011"	"ID=PCA_SD_11316"	0	0	0	0	0	0
"000153F:45205:45984"	"ID=PCA_SD_11261"	-0.000880855194517638	-0.0192201908619818	-0.00882595254135543	-0.0302742097347906	-0.0198217540857983	-0.0289645956536038
"000153F:33501:34280"	"ID=PCA_SD_11259"	-0.000605300645264206	-0.0965679563240538	-0.0105911795327904	-0.0677297894957032	-0.0224044354583939	-0.0808791330263723
"000143F:217752:218261"	"ID=PCA_SD_12204"	-0.00710162155933958	-0.0419728484244613	-0.0207761805929734	-0.0263040110173869	0.0101265816793895	-0.0470335200064931
"000143F:167950:168742"	"ID=PCA_SD_12192"	0.151335289516526	-0.0735011103151477	0.0326724270142462	-0.0484066426474803	0.0691714099827574	-0.0391496326251659
"000156F:93385:93823"	"ID=PCA_SD_10264"	-0.0508788159111933	0.122027100750505	-0.0295675198587819	0.0131982661394426	0.0305451127819549	0.0669538442975943
"000161F:16486:16997"	"ID=PCA_SD_10654"	0.282559740007164	-0.0406127333079473	0.159435205661212	-0.0347482511070902	0.135938649911275	0.00931284632942098
"000161F:122889:123522"	"ID=PCA_SD_10676"	0.0246418475857162	0.015329087884293	-0.00238870298500182	0.0177911645704676	-0.0107975293612466	-0.0223196037149525
"000166F:126908:127281"	"ID=PCA_SD_09906"	-0.0261957563196469	0.113741723921933	-0.0304580043601625	0.0631751941603347	-0.0350883141061671	0.231156021853696
"000158F:184315:185019"	"ID=PCA_SD_15364"	-0.0172098976584734	0.0235690235690236	-0.00985116419510468	-0.0568475452196382	-0.0205680116970719	-0.0671296296296295
"000159F:95512:96025"	"ID=PCA_SD_11134"	0.000419522754356305	-0.0497891297891297	-0.0245779451918422	-0.0325417825417826	-0.0145786708141846	-0.00920051417069323
"000159F:191999:192535"	"ID=PCA_SD_11154"	0	0	0	0	0	0
"000181F:20:484"	"ID=PCA_SD_21569"	0.0211638431116153	0.112162665663326	0.0181425953840183	0.0343453450249568	-0.0200330547731558	0.0533756010855246
"000162F:59424:60018"	"ID=PCA_SD_16343"	0.0124830022947301	-0.0601530783511159	-0.0129413717293543	-0.0486212557009016	-0.0165645785964825	-0.0631338023579402
"000164F:91389:92072"	"ID=PCA_SD_06657"	0	0	0	0	0	0
"000164F:96625:97326"	"ID=PCA_SD_06659"	0.0688819369800394	-0.0642641568379105	0.0859266036711844	-0.0549657564339459	0.00660291654701306	-0.0480924895206394
"000164F:512:1566"	"ID=PCA_SD_06633"	0	-0.0455519135337039	0	-0.0462206712206714	0	-0.0405348394379472
"000170F:146305:147306"	"ID=PCA_SD_10184"	0.00462240790537904	0.243589743589744	0.0355091722831093	0.139784946236559	0.0111967871302644	0.248062015503876
"000170F:119283:119870"	"ID=PCA_SD_10176"	-0.0171203650717762	0.0836601307189543	0.00441053614428233	-0.0204962243797195	-0.00918591024577342	0.0260942760942761
"000171F:52247:52905"	"ID=PCA_SD_15267"	-0.0311614730878187	-0.0929291574452864	0	-0.0644254394254395	-0.0321637426900585	-0.0806421806421804
"000163F:89539:91316"	"ID=PCA_SD_08694"	0.0212541647943566	0.0776978977583208	-0.00910596618328685	0.0304791724068832	0.000236812503700223	0.127831120643927
"000163F:166024:166629"	"ID=PCA_SD_08708"	-0.0231036352305922	-0.0653649243957615	-0.0255823337091743	-0.0513336321280788	-0.0349567412665719	-0.0548823511366079
"000172F:80976:81342"	"ID=PCA_SD_14137"	0.00403552189251899	0.11111881806201	0.0328744470006348	0.0211080961696221	-0.0126304025591841	0.0447692307692306
"000172F:48562:49497"	"ID=PCA_SD_14125"	0.0171906352917829	-0.0484010371650823	0.0533292038809426	0.0190914158305462	0.0154880353105485	-0.0501820664542556
"000172F:28467:28892"	"ID=PCA_SD_14120"	-0.0328420780366874	-0.0829824696491364	-0.0234790082865322	-0.0494858625699746	-0.0376912392111737	-0.0677090566593328
"000186F:171733:173160"	"ID=PCA_SD_06457"	0.0325344443340613	-0.0408922975294659	0.026577369523765	-0.0263616765086734	-0.00932091855536687	-0.0068759798894733
"000186F:84086:84292"	"ID=PCA_SD_06434"	-0.0300751879699248	0	-0.00634920634920633	0	0.0295566502463056	0
"000177F:104203:104766"	"ID=PCA_SD_13712"	0.0151677079648085	-0.0503671014744267	-0.00921842589174648	-0.0491433720712513	0.0584815521040566	-0.0323064782918798
"000167F:107483:108240"	"ID=PCA_SD_12080"	-0.0169133299586131	0.0248414431958734	-0.0146572662553481	-0.0041911711172411	-0.0356266708792521	0.0157834918850602
"000165F:162513:163319"	"ID=PCA_SD_10456"	0	0	0	0	0	0
"000189F:159591:160155"	"ID=PCA_SD_11687"	-0.0428564580245492	0.162000567000567	-0.0420555815080355	0.0335573433769826	-0.0474432233065127	0.0526134177586459
"000184F:180874:181683"	"ID=PCA_SD_13802"	0.0392740033905363	0.0649572649572649	0.00247172892242775	0.0184615384615383	0.0262588655515574	0.0474833808167141
"000185F:30893:32360"	"ID=PCA_SD_12676"	0.100927118593296	0	0.0817747316136147	0	0.0129376862963407	0
"000185F:172684:173615"	"ID=PCA_SD_12695"	0.213786924580181	0.106364231139815	0.0635512141430918	0.0186167108461657	0.158536791662261	0.113378486338427
"000187F:423:621"	"ID=PCA_SD_12097"	0	0	0	0	0	0
"000187F:21443:22164"	"ID=PCA_SD_12099"	-0.023832923832924	0	-0.0499527633443553	0	-0.0208760245901638	0
"000187F:147126:147934"	"ID=PCA_SD_12123"	0	-0.0523223253284602	-0.0382978723404257	-0.0182100867445694	-0.0311418685121108	-0.00528439167545969
"000187F:139281:141810"	"ID=PCA_SD_12121"	0.197155387957536	0.0711370330986804	0.219279396332017	0.105935355382054	0.0419515226848973	0.0887573707798425
"000191F:163455:163763"	"ID=PCA_SD_14451"	0.124916813456614	0.0290036673737863	0.302073704682976	0.0567193663168895	0.284665709912889	-0.0194988510777983
"000191F:179477:180114"	"ID=PCA_SD_14455"	0.121909615413285	-0.0489307365881675	0.0389459741464926	0.0364354322137962	0.0293603768290331	0.00240480926630882
"000152F:180245:180806"	"ID=PCA_SD_15709"	0	0	0	0	0	0
"000152F:158242:158822"	"ID=PCA_SD_15703"	-0.00726081606470075	-0.0755813953488371	-0.0186824509280337	-0.0433070866141732	-0.0151571456250872	-0.0793103448275863
"000152F:141327:141907"	"ID=PCA_SD_15698"	0	0	0	0	0	0
"000152F:124853:125158"	"ID=PCA_SD_15697"	0.0371545474424315	-0.0107682003194394	0.0304477409740569	0.088476914290735	0.0124541106286844	0.0405459057071959
"000178F:44823:45344"	"ID=PCA_SD_13117"	0.000240732626211382	-0.0327387179635572	-0.0261071482427193	-0.00521876517570807	0.0123882423489254	0.0565182337334236
"000190F:121186:122504"	"ID=PCA_SD_18873"	-0.0240125177576564	-0.0520275749283383	-0.0331176897035721	-0.0166383868826629	-0.030085165536534	-0.0444329432547799
"000190F:106390:107079"	"ID=PCA_SD_18870"	0.0745580145248949	0.0646051987133793	0.0413571771585125	0.0164569322413403	0.00428827962273981	0.130323290119492
"000190F:80827:81452"	"ID=PCA_SD_18868"	0	0	0	0	0	0
"000179F:46240:46773"	"ID=PCA_SD_13983"	0.054671126062072	0	0.0695620343027572	0	0.0301391123573869	0
"000179F:148247:149126"	"ID=PCA_SD_13999"	0	-0.00046471811177673	0	0.0147692019442451	0	-0.0321728443275404
"000224F:24489:25257"	"ID=PCA_SD_08581"	-0.0122730830233895	0.0634895250279865	-0.0191746179341143	-0.00516397290590853	0.0242095714479837	0.0258666537736305
"000224F:53322:54086"	"ID=PCA_SD_08590"	0.0117703799862034	-0.0392286394790045	-0.00737648801225133	-0.0437730418224564	-0.0247209366565244	-0.0180976527006222
"000193F:55041:56612"	"ID=PCA_SD_11230"	0.00512773205231487	0.00908108108108108	-0.0174299218761473	-0.0283217349085614	-0.0130217758560702	-0.0302312621900251
"000193F:124242:125468"	"ID=PCA_SD_11247"	0.0164104838193996	-0.0256472289720373	-0.00264457597219447	-0.0358151751281524	-0.00635361361459585	-0.0357353232353232
"000193F:130843:131709"	"ID=PCA_SD_11249"	-0.0370362187489961	0.127657775115402	-0.0357447191933453	0.0112968873532253	-0.0401380372175424	0.043106218106218
"000193F:79082:79490"	"ID=PCA_SD_11237"	-0.0356385102273922	0.13631692831285	-0.0329343797838675	0.0559542230540151	-0.0411656111119079	0.177537492593871
"000193F:41911:42895"	"ID=PCA_SD_11228"	0.0367637359653004	0	0.00347542283701141	0	0.0109169430823929	0
"000193F:34404:35446"	"ID=PCA_SD_11226"	-0.00769602412472303	-0.0131103409013147	0.0375131222350951	-0.0200497645137365	0.0360426573447912	0.0400612805003739
"000193F:29372:30499"	"ID=PCA_SD_11224"	0.0337148880374046	-0.00666958286164698	0.0547358761345044	-0.00148987193919958	0.0874764241943861	0.0152309772562936
"000198F:145476:146769"	"ID=PCA_SD_13004"	0.00239860361656752	0.124899993682883	0.0154978730942731	0.0581883320827686	0.0108580849526965	0.121780822368127
"000198F:84893:85501"	"ID=PCA_SD_12991"	0.11000189549504	0.127552447552448	0.150207670331509	0.0793021411578112	0.0263115458280718	0.114027149321267
"000212F:13554:14520"	"ID=PCA_SD_16165"	0	0	0	0	0	0
"000194F:21065:21806"	"ID=PCA_SD_15320"	-0.0124118497236574	-0.0764908129976851	-0.0248080206478039	-0.0477880759171081	-0.0216429526995319	-0.0678224382201362
"000194F:53504:54504"	"ID=PCA_SD_15323"	-0.003673584610147	-0.0851580717552423	-0.0225630113851152	-0.0623266251941341	-0.014582954335133	-0.0737868366464705
"000208F:107975:108716"	"ID=PCA_SD_12658"	0	0	0	0	0	0
"000202F:113961:114574"	"ID=PCA_SD_19245"	-0.0171800611681068	-0.0523450660571132	-0.0071191926239238	-0.0350518527314108	-0.0194515926227807	-0.0506617750632012
"000200F:124064:125226"	"ID=PCA_SD_12933"	0.0513672345711054	0	0.22122811563763	0	0.0666792048841179	0
"000209F:79596:80396"	"ID=PCA_SD_09803"	0.0173497437161736	-0.0110402553943918	0.0376843753066677	0.0178660434835048	0.0479832280414243	-0.0155130176003371
"000205F:134438:135194"	"ID=PCA_SD_15177"	-0.0317820658342791	0.0235690235690236	-0.0388945752302969	-0.0568475452196382	-0.044334975369458	-0.0671296296296295
"000205F:61739:62386"	"ID=PCA_SD_15166"	0	-0.0142021720969088	0	-0.0658622423328306	0	0.00854700854700863
"000214F:134577:135881"	"ID=PCA_SD_10615"	0.145608154129883	-0.0669924252597662	0.0501933472483669	-0.0455997963082984	0.0675490291499139	-0.0677849055011339
"000225F:102416:102697"	"ID=PCA_SD_17899"	0.0202553950313442	-0.0454500134784328	0.0425277994026856	-0.0356329139632872	-0.0137837591176824	-0.00773641809826042
"000225F:144826:145107"	"ID=PCA_SD_17905"	-0.00056711266190268	0.15990164505016	-0.011928238787775	0.0878250188788305	0.0329952090562247	0.0844986026186477
"000216F:18312:18943"	"ID=PCA_SD_15019"	-0.0224250648705682	0.0464723278411492	-0.00897246278250985	0.0871043127257277	0.0154538595624008	0.229825470883014
"000216F:148232:148986"	"ID=PCA_SD_15041"	0.000618242021685478	-0.202374002724266	-0.00353282650267528	-0.136895516205861	-0.000175584034861842	-0.17533313295261
"000216F:49759:50631"	"ID=PCA_SD_15024"	0.148243931374765	0	0.167157547038571	0	0.0496537408968468	0
"000213F:135501:136087"	"ID=PCA_SD_13315"	0.301610189858207	-0.0614174761331951	0.127537945988567	-0.0521516992105227	0.0817287120239621	-0.04865934447928
"000218F:87597:88389"	"ID=PCA_SD_11607"	0	0.173286173286173	0	0.0979539577100551	0	0.152151315194794
"000232F:80423:81009"	"ID=PCA_SD_13086"	0	-0.0343576981692613	0	0.0489934053421472	0	0.0769384138236598
"000228F:108724:109588"	"ID=PCA_SD_14478"	0.0121998492908048	0.046843595230692	-0.00612882317114294	0.0333041910506697	0.0210749583569333	0.0872934253717174
"000221F:15272:15898"	"ID=PCA_SD_12337"	0.00306861940908121	-0.155469422911283	-0.0170692176241565	-0.104257528556594	-0.0120833135866398	-0.130541407281645
"000227F:145020:145424"	"ID=PCA_SD_10320"	0	0	0	0	0	0
"000154F:26340:27348"	"ID=PCA_SD_14954"	-0.0147452908288821	-0.026838779077585	-0.00518547499971644	-0.00439612321616289	-0.0204214168937604	0.0598384545752965
"000240F:79960:80441"	"ID=PCA_SD_15752"	-0.0208100037327361	0	-0.0104306220095693	0	0.00344184712462359	0
"000220F:119435:120506"	"ID=PCA_SD_14108"	0.0413521720111463	-0.0758592903365021	0.0194401133866559	-0.0215956903051351	0.0280726461973304	-0.0282750787248245
"000236F:81014:81538"	"ID=PCA_SD_13027"	0	0	0	0	0	0
"000241F:8270:8953"	"ID=PCA_SD_09759"	0	0	0	0	0	0
"000247F:132168:132898"	"ID=PCA_SD_09530"	0	0	0	0	0	0
"000256F:100547:100825"	"ID=PCA_SD_12907"	0	-0.0294075158123497	0	-0.0414970001275281	0	-0.028007791476911
"000246F:41034:41798"	"ID=PCA_SD_12471"	-0.00770500825536602	0.0127000480982783	-0.0672829994863893	-0.00685013566369497	-0.0225265017667844	-0.031166385426475
"000258F:73122:73706"	"ID=PCA_SD_16835"	-0.0404056904303223	-0.0787090922226057	-0.0290905481661097	-0.0556213326483597	-0.0432149401508242	-0.051695637221953
"000252F:59341:60158"	"ID=PCA_SD_09742"	0.0194061166743165	-0.0415382687407417	-0.0153549613301935	-0.023182708575967	-0.00875411185343777	0.0179515658967714
"000266F:121082:122304"	"ID=PCA_SD_14343"	0.0305249138852413	-0.0618041381139329	-0.00614373024502579	0.0369832397804426	0.0385227775320653	-0.023898872615421
"000266F:46498:47362"	"ID=PCA_SD_14331"	0.0441382023672032	-0.0872618980727089	0.174066889305295	-0.0458305540272754	0.161421957263181	-0.0624428274428275
"000264F:47626:47991"	"ID=PCA_SD_14188"	0.195286142896458	0.0132590668209309	0.0958334360110092	-0.00498295034718876	0.116555821818224	0.0624895063919454
"000264F:88953:89366"	"ID=PCA_SD_14198"	0.0956674059506274	0.068124040338912	0.102777597913921	0.0226545549441829	0.0249904235006621	0.00688266257128523
"000297F:116919:117676"	"ID=PCA_SD_21688"	0.0351760025508432	-0.0257655308502764	0.0289592077046112	-0.0367371435295962	-0.00292967272487954	-0.0266981363656944
"000297F:114265:115089"	"ID=PCA_SD_21687"	0.00364884059320136	-0.024793388429752	-0.000448173564950194	-0.0381258612769866	-0.0152078311764587	-0.0298973672467648
"000280F:62268:62717"	"ID=PCA_SD_18455"	0	0	0	0	0	0
"000267F:45104:46119"	"ID=PCA_SD_13206"	0.0801715343635472	-0.0109711014233629	0.0158490595623575	-0.0151761848190419	0.0336611970177015	-0.0425594518617773
"000271F:99109:99587"	"ID=PCA_SD_15437"	-0.0312876550972168	0	-0.0234229933105798	0	-0.0322347421220632	0
"000278F:72186:72871"	"ID=PCA_SD_15653"	-0.0179116357792319	-0.0562883010919963	-0.00489610844579924	-0.0484488506876566	-0.00430458659146526	-0.0490320374041304
"000285F:85025:85733"	"ID=PCA_SD_18698"	0	0.182038834951456	0	0.175889328063241	0	0.102316602316602
"000298F:120247:121714"	"ID=PCA_SD_13662"	0	0	0	0	0	0
"000291F:48049:49356"	"ID=PCA_SD_15188"	0.000539291217257265	-0.0625233025485019	-0.0535618399856812	-0.0443341807191207	0.0183994782932736	-0.0371495972649361
"000269F:63039:64328"	"ID=PCA_SD_11070"	0.101178973835419	0.0555430690565827	0.018249587863993	0.0153610109941988	0.0969324833021509	0.00586385201769823
"000304F:18474:18926"	"ID=PCA_SD_16040"	0	0	0	0	0	0
"000304F:97346:97873"	"ID=PCA_SD_16055"	0.077859561243188	0	0.133892597945575	0	0.01298764798712	0
"000281F:112521:112880"	"ID=PCA_SD_16032"	-0.038836591012005	-0.0528814251441987	-0.0270218385408776	-0.0388466673513401	-0.0301587638300902	-0.0134826438893578
"000299F:89008:90054"	"ID=PCA_SD_14865"	0.0192305432762275	0.00610152924403851	0.000989992748135049	-0.00690499129523503	0.00970779699882574	0.0159331980449191
"000311F:26516:27318"	"ID=PCA_SD_22009"	0	0	0	0	0	0
"000322F:117980:118495"	"ID=PCA_SD_13392"	-0.02	0	0.118421052631579	0	-0.03125	0
"000322F:102481:103003"	"ID=PCA_SD_13386"	0	0	0	0	0	0
"000315F:37520:38608"	"ID=PCA_SD_15404"	-0.00410382739003534	0	-0.00804825267289599	0	-0.0253062466511862	0
"000315F:36440:37230"	"ID=PCA_SD_15403"	0.0464260631153045	0.0585011909515221	0.0290561770442136	0.0287332237594017	-0.00683548481491303	0.104851944268003
"000310F:91767:92306"	"ID=PCA_SD_18442"	0.0157441939964804	-0.0919293336354947	0.0228785361438868	-0.0416366901380525	-0.0149541328530589	-0.0662912781363807
"000334F:66322:66983"	"ID=PCA_SD_20568"	0.109612308298875	0.0668238993710693	0.0542702746676011	-0.000742390497401546	0.0157342887681031	0.0124944221329764
"000324F:16103:16832"	"ID=PCA_SD_20834"	0	0	0	0	0	0
"000325F:56382:57454"	"ID=PCA_SD_19166"	-0.0173416470479455	0.128654970760234	-0.00758017708179759	0.0268199233716474	-0.026891871058168	0.295019157088123
"000326F:21734:22536"	"ID=PCA_SD_16092"	0.047161428198239	0	0.0757925023556334	0	-0.00431323730488109	0
"000306F:38085:38502"	"ID=PCA_SD_17747"	-0.0226520463525515	-0.0579829208861466	-0.0183456732895588	-0.0519170475117612	-0.00273099715325409	-0.0517394118541894
"000262F:93826:94265"	"ID=PCA_SD_20000"	0	-0.0205479877121668	0	-0.0363626225695191	0	-0.00813252235571693
"000327F:26450:26902"	"ID=PCA_SD_19782"	0	0	0	0	0	0
"000313F:33621:34118"	"ID=PCA_SD_16467"	0.0389165584293497	-0.0379398605603798	0.024215916480361	-0.030085709507222	0.0192401528267081	-0.0471009256922139
"000313F:62770:63021"	"ID=PCA_SD_16471"	0.0309234913121684	0.027027027027027	0.0701756310604494	0.027027027027027	-0.00865924529675377	0.027027027027027
"000091F:1785:2168"	"ID=PCA_SD_17406"	0	0	0	0	0	0
"000091F:44702:45309"	"ID=PCA_SD_17416"	0	0	0	0	0	0
"000338F:4373:5269"	"ID=PCA_SD_15761"	0	0	0	0	0	0
"000335F:37334:38135"	"ID=PCA_SD_18895"	0	0	0	0	0	0
"000335F:35210:35623"	"ID=PCA_SD_18894"	0	0	0	0	0	0
"000335F:26029:27011"	"ID=PCA_SD_18891"	0.00754775696448762	-0.0696392890945421	-0.013708863947804	-0.0383255435887015	0.0247245087706599	-0.0581112290119219
"000335F:101714:102128"	"ID=PCA_SD_18910"	-0.0335673443044282	-0.0282291626729461	-0.0146420874313244	-0.0367138514548875	-0.0324675816690385	-0.024148929686389
"000343F:107179:108147"	"ID=PCA_SD_19051"	0.0014721973163625	-0.0266331658291457	0.0272815504487439	-0.00217919704970226	0.00767854870277784	-0.0237077050041263
"000344F:66514:66984"	"ID=PCA_SD_15591"	0.0126818462587064	0.113697556320507	0.065868804760806	0.00929855039444061	0.0328354407543204	0.0472917875744731
"000344F:4690:5631"	"ID=PCA_SD_15576"	0	0	0	0	0	0
"000350F:91214:92266"	"ID=PCA_SD_16752"	0	0	0	0	0	0
"000331F:18934:19616"	"ID=PCA_SD_15968"	0.0276100086281277	0.164017271709579	0.103349282296651	0.0352139938346835	0.0767543859649121	0.0920034481010091
"000331F:56312:58407"	"ID=PCA_SD_15976"	0.00258799281319799	-0.00695958911138206	0.0538600738177942	-0.0155180689855121	0.0510246751354464	-0.0236818871320463
"000341F:19733:20338"	"ID=PCA_SD_14614"	-0.0391938836320294	0	-0.0256344237278556	0	-0.0363167500387924	0
"000365F:5255:5682"	"ID=PCA_SD_10919"	0.0747499771233358	0.0283783783783784	0.1042787233739	-0.0125815470643058	0.00649199383381349	-0.0333011583011584
"000365F:75923:76711"	"ID=PCA_SD_10938"	0.0813452965292742	0.0276862228081741	0.114841424029873	-0.0121621621621621	0.114141903615588	-0.0327169274537695
"000367F:70410:71252"	"ID=PCA_SD_16008"	0.227605437434646	-0.0778170061536794	0.119968304278922	-0.0481819113423494	0.0903502235469448	-0.0543547997782803
"000361F:72015:72710"	"ID=PCA_SD_16251"	0.4	0.0615502496945796	0.4	0.0153883043616883	0.4	0.0904959596548383
"000370F:21822:22492"	"ID=PCA_SD_24295"	0.112006923317732	-0.0179813878564981	0.0602639711055145	-0.019873176392573	0.0350894711090487	-0.010714549619449
"000366F:23499:23913"	"ID=PCA_SD_18631"	-0.0353688162442207	-0.0333085378956937	-0.00777161729718534	-0.0378378378378379	-0.0188893522441809	0.00041262636682482
"000374F:71550:72149"	"ID=PCA_SD_19466"	-0.00316002177268415	-0.0886358036824082	-0.020934213822229	-0.0603874378708815	-0.0114773115397753	-0.0681988875706152
"000374F:69568:70343"	"ID=PCA_SD_19465"	0.0136746540067211	-0.0253300849959559	0.017944134020101	-0.0265072765072765	-0.00542632060640846	0.0322766444138476
"000374F:59065:59515"	"ID=PCA_SD_19463"	-0.0264266496210019	-0.0502738989528422	-0.0294126954003058	-0.0159537674577008	-0.0320085319775263	-0.055353783284974
"000374F:46258:46856"	"ID=PCA_SD_19461"	0.0952380952380951	0	0.0952380952380951	0	0.0952380952380951	0
"000383F:2610:3038"	"ID=PCA_SD_15786"	0.153170731707317	0.27843137254902	0.0428276573787409	0.0486891385767791	0.214471403812825	0.15819209039548
"000383F:18178:18621"	"ID=PCA_SD_15788"	0.146666666666667	0.0395245992260919	0.104188481675393	-0.0249018811747193	0.268487394957983	0.0245892221073193
"000379F:42983:43607"	"ID=PCA_SD_18415"	0.0363590354212245	0.050125313283208	0.0288361700527545	-0.00165837479270303	-0.00585612570491745	-0.00497512437810954
"000379F:84410:85082"	"ID=PCA_SD_18423"	0	0	0	0	0	0
"000379F:87222:87897"	"ID=PCA_SD_18425"	0	0	0	0	0	0
"000385F:43910:44659"	"ID=PCA_SD_18569"	0.0366684487343523	-0.0430791684197678	0.0352232894430131	-0.0267321711365032	-0.00875487290862464	-0.0573958255529721
"000385F:17433:17930"	"ID=PCA_SD_18563"	-0.00622985094892936	-0.0255965632071826	-0.0242069042417929	-0.0232937935983621	-0.0263811767056883	-0.049073329224083
"000391F:28807:29407"	"ID=PCA_SD_22448"	0.210410454691079	-0.0965679563240538	0.0767378263388381	-0.0677297894957032	0.156253672946258	-0.0808791330263723
"000402F:50105:50557"	"ID=PCA_SD_24046"	0	0	0	0	0	0
"000398F:68776:69729"	"ID=PCA_SD_22612"	-0.0349820867027921	-0.0691886604693144	-0.0340809985292292	-0.0529324253929218	-0.0364560451346594	-0.0514006730222947
"000381F:46807:47658"	"ID=PCA_SD_19824"	0	0	0	0	0	0
"000381F:22955:23449"	"ID=PCA_SD_19819"	-0.0387723233558468	0	-0.0308558497166787	0	-0.0439264525283209	0
"000420F:14654:14959"	"ID=PCA_SD_20592"	-0.0125715619170619	0	-0.0320464940726237	0	-0.0256331230553162	0
"000424F:62600:63415"	"ID=PCA_SD_23000"	-0.000974911411840917	0	-0.0025895046456792	0	-0.0300935680977943	0
"000196F:61460:62642"	"ID=PCA_SD_21170"	0	0	0	0	0	0
"000432F:52163:52549"	"ID=PCA_SD_20087"	0.0861186732992202	-0.048754810456938	0.0412830176677321	-0.0388611040620139	0.0159267179470811	-0.0600570737452866
"000432F:58069:58482"	"ID=PCA_SD_20090"	0.0330208731423075	0	0.0808207130402071	0	-0.00630487357316944	0
"000441F:49604:50538"	"ID=PCA_SD_24205"	-0.0420808020253385	-0.0576496968249547	-0.0301880852207297	-0.0483031712617139	-0.0375382021808044	-0.0525956544780073
"000448F:30638:31017"	"ID=PCA_SD_20681"	0.0267269631174537	0	-0.0117514863781985	0	0.0113765738434656	0
"000448F:56040:56559"	"ID=PCA_SD_20688"	0.0226831654148669	0.048303622771708	0.0126895927171798	0.00761324704986666	0.0730188849733442	-0.027898866608544
"000450F:26480:27409"	"ID=PCA_SD_18822"	-0.0208765791796957	-0.0295388325128103	-0.0107341709932887	-0.0189754972363667	-0.00448214561798399	0.00819981658305013
"000459F:34911:35719"	"ID=PCA_SD_25526"	0	0	0	0	0	0
"000461F:30186:30716"	"ID=PCA_SD_22138"	0.178367371794917	0.371791441098372	0.142234085772255	0.183918612490041	0.0556181945731846	0.323551000078643
"000467F:61853:62582"	"ID=PCA_SD_23755"	0	0	0	0	0	0
"000465F:18542:19111"	"ID=PCA_SD_26163"	0.0903800268823135	0.0634895250279865	0.0416033941403964	-0.00516397290590853	0.0278868126197847	0.0258666537736305
"000389F:50180:50992"	"ID=PCA_SD_24339"	0	0	0	0	0	0
"000452F:34190:34832"	"ID=PCA_SD_20883"	0.0210048931853444	-0.0457724663022674	0.0785506479767257	0.00736543214419327	0.0766092926077008	-0.0426811499247999
"000527F:22039:22714"	"ID=PCA_SD_22660"	0	0	0	0	0	0
"000547F:20132:20460"	"ID=PCA_SD_24283"	0.0075093867334165	0	0.0405679513184583	0	-0.022875816993464	0
"000553F:17:439"	"ID=PCA_SD_22044"	0.0897654456649239	0.0392156862745099	0.0600955770083631	0.0458715596330276	0.0295801408512977	-0.0092592592592593
"000574F:29247:30177"	"ID=PCA_SD_25335"	0.0386031595201329	-0.0494422264333767	-0.0115078377705895	-0.048951500294784	-0.0340275195239865	-0.0387100345680227
"000545F:33639:34130"	"ID=PCA_SD_23537"	0	0	0	0	0	0
"000598F:26990:28006"	"ID=PCA_SD_23798"	-0.00799191315664483	0.0125991820124975	-0.00536448666893818	0.0348378634608978	0.0278549397312865	0.0814850003103909
"000598F:22110:22472"	"ID=PCA_SD_23796"	-0.00770355592057137	-0.0533730360819697	-0.021270840143838	-0.0110012203702452	0.0165009786057914	0.0133905011953793
"000601F:17627:18523"	"ID=PCA_SD_26422"	0	0	0	0	0	0
"000586F:16296:16876"	"ID=PCA_SD_25687"	0	0	0	0	0	0
"000586F:4642:5222"	"ID=PCA_SD_25683"	0	0	0	0	0	0
"000614F:28814:29572"	"ID=PCA_SD_26256"	0.101035096283545	0.135424840957416	0.0612537445596877	0.0342432192239638	0.0238980824381058	0.13326459101107
"000634F:10475:11234"	"ID=PCA_SD_26525"	0.00971903079732828	-0.0473481784545695	-0.0151368639060572	-0.0432264189489624	0.0341057816522825	-0.0320209038295367
"000630F:10418:10909"	"ID=PCA_SD_24419"	-0.0203870919387501	-0.0845127298768547	-0.0262146212771619	-0.0595581280338784	-0.0314607856916758	-0.0649942142687354
"000651F:10074:10737"	"ID=PCA_SD_23469"	0	0	0	0	0	0
"000651F:12478:13133"	"ID=PCA_SD_23470"	0	0	0	0	0	0
"000663F:5105:5554"	"ID=PCA_SD_26916"	0	0	0	0	0	0
"000673F:10171:11183"	"ID=PCA_SD_23676"	0	0	0	0	0	0
"000677F:13889:14567"	"ID=PCA_SD_24986"	0	0	0	0	0	0
"000688F:16371:16784"	"ID=PCA_SD_26917"	0	0	0	0	0	0
"000694F:5011:5411"	"ID=PCA_SD_26536"	0	0	0	0	0	0
"000695F:5113:5977"	"ID=PCA_SD_26610"	0	0	0	0	0	0
