"Gene ID"	"Fraction of isolates with >0.75 of gene missing"	"Nucleotide Diversity 1990"	"Nucleotide Diversity 2015"	"Watterson's Theta 1990"	"Watterson's Theta 2015"	"Tajima's D 1990"	"Tajima's D 2015"	"Fst 1990 vs 2015"	"Composite Likelihood Ratio 1990"	"Composite Likelihood Ratio 2015"
"ID=PCA_SD_00060"	0	0.00312	0.00269	0.00192	0.00154	1.45345	1.64304	0.03099	26.95477	26.62271
"ID=PCA_SD_00101"	0	0.00186	0.00057	0.00215	0.00107	-0.38853	-1.20621	0.10451	36.92866	32.86498
"ID=PCA_SD_00103"	0	0.00251	0.00168	0.00251	0.00192	-3e-04	-0.35748	0.03122	24.23948	32.98409
"ID=PCA_SD_00152"	0	0.00717	0.00655	0.00472	0.0045	1.61999	1.41829	0.0385	84.80212	83.71308
"ID=PCA_SD_00156"	0.85	0	0	NA	NA	NA	NA	0	NA	NA
"ID=PCA_SD_00178"	0	0.00432	0.00274	0.00328	0.00255	0.85474	0.19049	0.01374	32.86615	38.8058
"ID=PCA_SD_00244"	0	0.00153	0.00133	0.00115	0.00115	0.77543	0.37059	0.07055	22.74627	23.3658
"ID=PCA_SD_00335"	0	0.00255	0.00112	0.00172	0.00172	0.82155	-0.59474	0.10345	11.42148	8.70961
"ID=PCA_SD_00356"	0	0.00333	0.00338	0.00286	0.00229	0.38289	1.04203	0.32602	20.64541	18.57001
"ID=PCA_SD_00393"	0	0.00038	0.00061	0.00079	0.00026	-1.03282	1.72931	0.42529	9.74843	7.87428
"ID=PCA_SD_00401"	0	0.00296	0.00266	0.00224	0.00202	0.88889	0.86505	0	46.21016	49.00272
"ID=PCA_SD_00428"	0	0.00318	0.00328	0.00172	0.00172	1.69778	1.81279	0.29573	17.10752	18.24949
"ID=PCA_SD_00457"	0	0.0148	0.00751	0.00802	0.00865	2.4282	-0.42587	0.02297	65.01882	69.69155
"ID=PCA_SD_00483"	0	0.0011	0	0.00248	NA	-1.298	NA	0.02724	19.7764	NA
"ID=PCA_SD_00495"	0	0.01112	0	0.00642	NA	2.30902	NA	0.2138	121.46705	NA
"ID=PCA_SD_00521"	0	0.00149	0.001	0.00084	0.00049	1.34169	1.62104	0.04841	11.71052	6.52373
"ID=PCA_SD_00525"	0	0.00147	0.00037	0.0011	0.00032	0.71421	0.21573	0.0204	16.9396	6.86368
"ID=PCA_SD_00535"	0	0.00456	0.00254	0.00453	0.00133	0.01901	2.12602	0.04809	29.833	19.42862
"ID=PCA_SD_00561"	0	0.00115	0	0.00127	NA	-0.15116	NA	0.14582	9.59092	NA
"ID=PCA_SD_00566"	0	0.00355	0.00107	0.00178	0.0021	1.96788	-1.15311	-0.01059	22.73323	21.11181
"ID=PCA_SD_00671"	0	0.00011	0.0015	0.00041	0.00104	-1.147	0.89794	NA	5.71282	14.4098
"ID=PCA_SD_00688"	0	0.00064	0.00302	0.00098	0.00188	-0.88982	1.64691	NA	17.48851	35.73356
"ID=PCA_SD_00743"	0	0.00065	0.00437	0.00077	0.00262	-0.37441	1.91312	NA	12.39873	50.74028
"ID=PCA_SD_00750"	0	0.00279	0.00159	0.00202	0.00172	1.08366	-0.18489	NA	39.59243	33.14305
"ID=PCA_SD_00779"	0	0.00081	0.00422	0.00307	0.00319	-2.28687	0.91294	NA	51.41536	65.55434
"ID=PCA_SD_00806"	0	2e-04	6e-04	3e-04	0.00034	-0.79591	1.63298	0.14643	14.26784	18.7219
"ID=PCA_SD_00860"	0	0.00099	0.00216	0.00164	0.00139	-1.01258	1.19588	0.01283	19.13425	21.76234
"ID=PCA_SD_00866"	0	0	0.00088	NA	0.00084	NA	0.09201	-0.01423	NA	11.37047
"ID=PCA_SD_00890"	0	0.00063	0.00141	0.00195	0.00083	-1.73164	1.19758	0.03313	19.53373	12.12084
"ID=PCA_SD_00898"	0	0.00082	0.00095	0.00214	0.00252	-2.03453	-1.90398	0.13161	70.10047	65.75963
"ID=PCA_SD_00908"	0	0.00241	0.00283	0.00205	0.0016	0.57544	2.18357	0.11142	64.23011	53.28683
"ID=PCA_SD_00941"	0	0.00193	0.00222	0.00167	0.00111	0.30547	1.69295	NA	9.72021	11.09107
"ID=PCA_SD_01003"	0	0.00255	0.0035	0.0034	0.00204	-0.58799	1.42071	NA	13.37765	16.05782
"ID=PCA_SD_01033"	0	0.00164	0.00103	0.00115	0.00115	0.99939	-0.23975	NA	23.08075	19.36679
"ID=PCA_SD_01038"	0	0.00165	0.00027	0.0015	0.00176	0.2358	-2.15851	NA	39.76138	31.50626
"ID=PCA_SD_01104"	0.02	0.0051	0.00205	0.00397	0.00117	0.8613	1.76969	-0.02087	42.99824	21.88213
"ID=PCA_SD_01130"	0	0.00168	0.00127	0.00174	0.00116	-0.07093	0.16407	0	10.78459	14.67735
"ID=PCA_SD_01137"	0	0.00912	0.0093	0.00674	0.00524	1.08215	2.28431	0.02684	53.12609	65.91166
"ID=PCA_SD_01147"	0	0.00729	0.00423	0.00323	0.00381	3.54951	0.3199	0.09814	61.54621	45.91276
"ID=PCA_SD_01208"	0	0.01192	0.01224	0.00741	0.00662	1.96014	2.70343	0.12875	63.4053	84.27602
"ID=PCA_SD_01212"	0	0.00266	0.00214	0.00304	0.00276	-0.35297	-0.62941	0.02854	41.67905	47.72899
"ID=PCA_SD_01213"	0	0.00517	0.0043	0.00474	0.00373	0.26831	0.43577	0.01405	26.36792	33.79082
"ID=PCA_SD_01218"	0	0.00128	0.0013	0.00124	0.00124	0.07007	0.11176	0	15.90409	15.88982
"ID=PCA_SD_01226"	0	0.00167	0.00169	0.00111	0.00111	0.98507	1.03212	-0.0144	19.54567	17.14777
"ID=PCA_SD_01247"	0	0.00128	0.0014	0.00161	0.00101	-0.53661	0.90217	0.01648	23.1147	23.47631
"ID=PCA_SD_01254"	0	0.01085	0.00212	0.00636	0.00636	2.18063	-2.05353	0.15754	100.22469	73.83
"ID=PCA_SD_01286"	0	0.0033	0.00322	0.00205	0.00205	1.60708	1.5002	0.10827	24.80429	25.36262
"ID=PCA_SD_01294"	0	7e-04	0.00378	0.00049	0.00685	0.53909	-1.32309	0.0031	6.16178	78.51992
"ID=PCA_SD_01301"	0	0.00015	8e-05	0.00051	0.00051	-0.8912	-1.08393	-0.01117	5.71282	4.50089
"ID=PCA_SD_01339"	0	0.00119	0.00116	0.0018	0.00051	-0.87051	2.15229	0.02947	17.34561	10.49945
"ID=PCA_SD_01340"	0	5e-05	0	0.00034	NA	-1.08393	NA	0	3.46074	NA
"ID=PCA_SD_01341"	0	0.00054	0.00032	0.00256	0.00205	-2.18127	-2.22844	-0.01695	31.30938	36.00716
"ID=PCA_SD_01342"	0	0.00085	0.00074	0.00101	0.00034	-0.32186	1.54334	-0.01695	11.29946	6.47621
"ID=PCA_SD_01372"	0	0.00064	0.00117	0.00059	0.00059	0.12319	1.27283	0	6.6269	7.99602
"ID=PCA_SD_01403"	0	0.01921	0.01366	0.0088	0.0088	3.82833	1.78723	-0.02708	147.09361	134.42108
"ID=PCA_SD_01439"	0	0.00355	0.0036	0.00162	0.00162	2.58625	2.64808	0.14314	23.30162	20.95908
"ID=PCA_SD_01474"	0.02	0	0	NA	NA	NA	NA	0	NA	NA
"ID=PCA_SD_01476"	0.02	0	0	NA	NA	NA	NA	0	NA	NA
"ID=PCA_SD_01478"	0.02	0	0	NA	NA	NA	NA	0	NA	NA
"ID=PCA_SD_01508"	0	0	0	NA	NA	NA	NA	0	NA	NA
"ID=PCA_SD_01510"	0	0.00298	0.0031	0.00182	0.00146	1.48175	2.45828	0.08573	28.68126	26.82683
"ID=PCA_SD_01511"	0	0.00265	0.00295	0.00151	0.00151	1.64448	2.0672	0.1056	19.5125	18.8156
"ID=PCA_SD_01521"	0	0.00114	0.00135	0.00213	0.0016	-1.0198	-0.30966	0.07447	11.89501	11.94716
"ID=PCA_SD_01525"	0	0	0	NA	NA	NA	NA	0	NA	NA
"ID=PCA_SD_01533"	0	0.00048	0.00082	0.00062	0.00093	-0.38759	-0.22601	0.04059	10.39848	12.47783
"ID=PCA_SD_01556"	0	0.00125	0.00125	0.001	0.001	0.5503	0.54742	-0.00741	15.71426	15.43803
"ID=PCA_SD_01566"	0	0.00038	0.00023	0.00024	0.00024	0.78254	-0.02897	0.01901	6.48666	6.69084
"ID=PCA_SD_01612"	0	0.00062	0.00025	0.00111	0.00056	-1.07696	-1.09033	0.00767	26.2223	18.04997
"ID=PCA_SD_01630"	0	0.00537	0.00507	0.00382	0.00234	1.242	3.29808	0.02926	61.94475	54.78502
"ID=PCA_SD_01631"	0	0.00227	0.00173	0.00198	0.0011	0.39957	1.35255	0.04887	21.24352	16.68219
"ID=PCA_SD_01707"	0	0.00467	0.00261	0.00418	0.00348	0.28973	-0.58307	0.03017	22.93705	22.45176
"ID=PCA_SD_01745"	0	0.00884	0.00333	0.0067	0.00398	1.0546	-0.51401	0.13232	107.18555	88.74099
"ID=PCA_SD_01746"	0	0.0112	0.00201	0.00881	0.00808	0.91196	-2.51134	0.11927	206.25635	178.31571
"ID=PCA_SD_01871"	0	0.00074	0.00014	0.00096	0.00024	-0.49787	-0.52602	0.04077	23.93694	7.03727
"ID=PCA_SD_01875"	0	0.00147	0.00037	0.00297	0.00099	-1.24308	-1.0721	0.03593	19.78703	8.76558
"ID=PCA_SD_01924"	0	0.0061	0.00415	0.00301	0.00358	2.79264	0.40403	NA	29.76682	32.18193
"ID=PCA_SD_01939"	0	0.00206	0.00912	0.00171	0.00435	0.53075	3.14038	NA	20.43759	73.09411
"ID=PCA_SD_01946"	0	0.00072	0.00327	0.00037	0.00156	1.50748	2.56707	NA	8.01319	29.81882
"ID=PCA_SD_01975"	0	0.00444	0.00519	0.00258	0.00219	1.96775	3.18972	NA	32.64522	22.62533
"ID=PCA_SD_01984"	0	0.00204	0.00192	0.00723	0.00614	-2.39715	-2.02206	NA	73.95567	57.59622
"ID=PCA_SD_01990"	0	0	0	NA	NA	NA	NA	NA	NA	NA
"ID=PCA_SD_02001"	0	0.00094	0.00397	0.00055	0.00216	1.68309	2.45725	NA	17.20201	44.64055
"ID=PCA_SD_02087"	0	0.00546	0.00506	0.00674	0.00309	-0.5988	1.80509	-0.00148	62.73708	39.86567
"ID=PCA_SD_02096"	0	0.0103	0.01611	0.0099	0.00904	0.12539	2.43956	0.14634	66.27669	94.61503
"ID=PCA_SD_02106"	0	0.00822	0.00922	0.00538	0.00615	1.34863	1.31772	0.01842	32.01535	21.22695
"ID=PCA_SD_02120"	0	0.00165	0.00115	0.00214	0.00071	-0.46126	0.78254	0.00132	10.68013	7.25607
"ID=PCA_SD_02142"	0.05	0	0	NA	NA	NA	NA	0	NA	NA
"ID=PCA_SD_02192"	0	0.00193	0.00189	0.00174	0.00152	0.29845	0.61565	NA	22.9307	25.38381
"ID=PCA_SD_02199"	0	0.00071	0.00118	0.00065	0.00086	0.18697	0.81629	NA	14.47743	17.94946
"ID=PCA_SD_02206"	0	0.00356	0.00158	0.00208	0.00208	1.66387	-0.55846	NA	20.5138	17.42939
"ID=PCA_SD_02208"	0	0.00608	0.00607	0.00606	0.00606	0.00972	0.0068	NA	42.78895	41.57469
"ID=PCA_SD_02234"	0	0.00073	0.00015	0.00051	0.00026	0.71122	-0.52602	NA	12.48941	7.03727
"ID=PCA_SD_02238"	0	0.00106	0.00032	0.00052	0.00026	1.75825	0.26859	NA	11.61865	6.37695
"ID=PCA_SD_02239"	0	0.00317	0.00205	0.00265	0.00212	0.54671	-0.08823	NA	31.5992	23.10498
"ID=PCA_SD_02247"	0	0.00732	0.00563	0.00506	0.00453	1.37644	0.73526	NA	54.15126	65.11968
"ID=PCA_SD_02299"	0	0.00067	0.00027	0.00099	0.00149	-0.70923	-2.01326	NA	15.09869	23.09274
"ID=PCA_SD_02307"	0	0.00382	0.00539	0.00363	0.00415	0.13277	0.78767	NA	21.04153	25.31038
"ID=PCA_SD_02313"	0	0.01153	0.00663	0.00693	0.00627	2.07187	0.17871	NA	59.84878	68.7627
"ID=PCA_SD_02315"	0	0.0045	0.00256	0.00266	0.00233	1.8165	0.24628	NA	32.7149	25.15599
"ID=PCA_SD_02322"	0	0.00209	0.0015	0.00127	0.00063	1.10977	1.75636	NA	12.05138	6.2895
"ID=PCA_SD_02334"	0	0.00249	0.00148	0.00161	0.00108	1.33066	0.82636	NA	21.21738	18.47633
"ID=PCA_SD_02343"	0	0.00074	6e-04	0.00036	0.00072	1.3506	-0.27951	NA	7.83242	8.83409
"ID=PCA_SD_02373"	0	0.00286	0.00297	0.00177	0.00244	1.62185	0.61826	NA	30.80262	63.93117
"ID=PCA_SD_02390"	0	0.00658	0.00273	0.00412	0.00275	1.4655	-0.01764	NA	19.08483	14.07085
"ID=PCA_SD_02534"	0	0.00335	0.00362	0.00153	0.00153	2.93574	3.36721	0.02253	43.64659	38.62306
"ID=PCA_SD_02664"	0	0.00115	0.00046	0.00302	0.00201	-1.52246	-1.68264	0.09488	17.25203	15.02066
"ID=PCA_SD_02669"	0	0.00032	0.00016	0.00027	0.00027	0.26859	-0.52602	0.01896	7.27566	7.03727
"ID=PCA_SD_02673"	0	0.00299	0.00342	0.00249	0.00226	0.5696	1.41129	0.03855	22.6545	27.40515
"ID=PCA_SD_02691"	0	0.0022	0.00189	0.00174	0.00131	0.5733	0.88574	0.00447	18.23764	12.28122
"ID=PCA_SD_02708"	0.05	0.00041	0.00664	0.00018	0.00511	1.67521	0.96197	-0.00786	7.86353	44.0939
"ID=PCA_SD_02756"	0	0.00524	0.00549	0.00338	0.00308	1.5469	2.17664	0.01779	56.22071	67.49378
"ID=PCA_SD_02769"	0	0.00605	0.00455	0.0029	0.00266	3.11268	2.00785	0.09624	69.35228	67.97124
"ID=PCA_SD_02816"	0	0.00195	0.00178	0.00159	0.00079	0.39374	1.59405	-0.02892	8.55168	7.97935
"ID=PCA_SD_02826"	0	0.00102	7e-04	0.00109	0.00036	-0.12669	1.1883	0.00181	11.6103	8.02128
"ID=PCA_SD_02913"	0	0.00161	0.00211	0.00178	0.00178	-0.27336	0.5095	0.01974	42.60333	47.6153
"ID=PCA_SD_02952"	0	0.00275	0.00286	0.00184	0.00147	1.36167	2.48559	0.01997	29.70411	34.04741
"ID=PCA_SD_02970"	0	0.00037	0.00035	0.00147	0.00049	-1.47718	-0.35357	0	11.06729	6.1057
"ID=PCA_SD_02977"	0	0.00468	0.00441	0.00234	0.00234	2.55199	2.26245	0.4059	37.71116	44.53641
"ID=PCA_SD_03053"	0	0.0039	0.00422	0.00362	0.00362	0.2224	0.47806	0	36.72677	40.08813
"ID=PCA_SD_03067"	0	0.00195	0.00151	0.00256	0.00114	-0.64715	0.72284	NA	26.8142	19.08937
"ID=PCA_SD_03068"	0	0.00262	0.00214	0.00146	0.00122	1.94551	1.77215	NA	20.61769	25.31987
"ID=PCA_SD_03085"	0	0.00011	0	0.00038	NA	-0.8912	NA	NA	5.71282	NA
"ID=PCA_SD_03105"	0	0.00125	0.00102	0.00159	0.00063	-0.48955	1.03771	NA	23.70971	12.62639
"ID=PCA_SD_03140"	0	0.0039	0.00344	0.00277	0.00198	1.26483	2.18997	NA	46.28355	42.18776
"ID=PCA_SD_03166"	0	0.00151	0.00643	0.00175	0.0057	-0.3847	0.40476	0.04684	29.56339	57.52639
"ID=PCA_SD_03255"	0	0.00456	0.00133	0.00234	0.00234	2.44238	-1.11196	0.06761	27.73796	22.07867
"ID=PCA_SD_03307"	0	0.01019	0.00091	0.00518	0.00345	3.43062	-2.49921	0.15996	192.3166	95.92
"ID=PCA_SD_03391"	0	0.00294	0.00314	0.0044	0.00385	-0.87289	-0.47035	0.13868	20.38455	22.14561
"ID=PCA_SD_03405"	0	0.0042	0.00375	0.00284	0.00379	1.17425	-0.02741	-0.00236	25.11791	23.83895
"ID=PCA_SD_03458"	0	0.00202	0.00214	0.00213	0.00116	-0.15223	2.06309	NA	28.03863	23.59794
"ID=PCA_SD_03502"	0	0.00328	0.0036	0.00198	0.0017	1.67472	2.74805	NA	25.67782	31.99117
"ID=PCA_SD_03518"	0	0.00036	0.00062	0.00062	0.00145	-0.8394	-1.4592	NA	9.26417	29.71409
"ID=PCA_SD_03540"	0	0	0	NA	NA	NA	NA	0	NA	NA
"ID=PCA_SD_03614"	0	0.00444	0.00446	0.00414	0.00328	0.23452	1.12541	0.01633	50.93974	53.91125
"ID=PCA_SD_03628"	0	0.0045	0.00485	0.00379	0.00253	0.50662	2.26049	0.13918	16.97514	26.69836
"ID=PCA_SD_03629"	0	0.01273	0.00384	0.00754	0.00787	2.1688	-1.62406	0.11067	132.65501	122.77151
"ID=PCA_SD_03708"	0	0.00069	0.00086	0.00071	0.00071	-0.02897	0.26859	NA	7.16655	6.37695
"ID=PCA_SD_03711"	0	0.00375	0.00366	0.00343	0.00269	0.30857	1.19088	NA	60.37014	108.28822
"ID=PCA_SD_03740"	0.02	0.00015	0	0.00048	NA	-0.8912	NA	NA	5.71282	NA
"ID=PCA_SD_03832"	0	0.00078	0.00104	0.00046	0.00046	0.89413	1.59405	0.03108	6.36449	7.97935
"ID=PCA_SD_03835"	0	0.00012	0.00022	0.00038	0.00038	-0.8912	-0.52602	0	5.71282	7.03727
"ID=PCA_SD_03854"	0	0.00199	0.00222	0.00399	0.00363	-1.41543	-1.07811	0	33.70623	50.98738
"ID=PCA_SD_03855"	0	0.00227	0.00252	0.00459	0.00426	-1.48882	-1.18933	0.03448	35.9905	56.34639
"ID=PCA_SD_03863"	0	1e-04	5e-04	0.00065	0.00163	-1.44362	-1.62163	0	6.92147	29.975
"ID=PCA_SD_03868"	0	0	0	NA	NA	NA	NA	0	NA	NA
"ID=PCA_SD_03888"	0	0.003	6e-04	0.00134	0.00134	2.46102	-1.09033	0.21289	17.29092	18.04997
"ID=PCA_SD_03891"	0	0.00046	0.00035	0.00079	0.00079	-0.52602	-0.70523	0	6.89396	6.01666
"ID=PCA_SD_03904"	0	0.00075	0	0.00102	NA	-0.53731	NA	NA	11.19296	NA
"ID=PCA_SD_03997"	0	0.00929	0.00739	0.00745	0.00645	0.73888	0.42248	NA	59.18719	36.98076
"ID=PCA_SD_04019"	0	0.00088	7e-04	0.00049	0.00073	1.38672	-0.0779	NA	12.84468	11.39196
"ID=PCA_SD_04021"	0	0.00125	0.00063	0.00106	0.00106	0.42965	-0.9473	NA	18.14209	16.46348
"ID=PCA_SD_04096"	0	0.00033	0.00144	0.00019	0.00165	1.12421	-0.35362	0.03311	7.57774	54.92585
"ID=PCA_SD_04126"	0	0.00604	0.00752	0.0044	0.00393	1.29348	2.82692	0.03959	71.48044	80.99855
"ID=PCA_SD_04131"	0	0.00341	0.00836	0.00414	0.00398	-0.59518	3.32995	0.07128	67.67259	70.12514
"ID=PCA_SD_04143"	0	0.00666	0.00315	0.00371	0.00303	2.24305	0.10617	NA	47.93723	34.7448
"ID=PCA_SD_04145"	0	0.00886	0.01059	0.00439	0.00523	3.17572	3.26588	NA	89.83864	83.79442
"ID=PCA_SD_04172"	0	0.00208	1e-04	0.00384	0.00064	-1.12335	-1.08393	NA	21.71227	4.50089
"ID=PCA_SD_04180"	0.18	0.00161	0.00133	0.00227	0.00057	-0.63878	1.72931	NA	11.94586	7.87428
"ID=PCA_SD_04192"	0	0.00278	0.00217	0.00122	0.00122	2.54815	1.54443	NA	19.58031	22.16237
"ID=PCA_SD_04212"	0	0.00418	0.00363	0.00244	0.00192	2.09751	2.52489	NA	55.84825	58.04927
"ID=PCA_SD_04215"	0	0.00448	0.00514	0.00446	0.00297	0.01684	2.18811	0.04358	46.7094	48.62579
"ID=PCA_SD_04229"	0	0	0	NA	NA	NA	NA	0	NA	NA
"ID=PCA_SD_04234"	0	0	0	NA	NA	NA	NA	0	NA	NA
"ID=PCA_SD_04280"	0	0.00086	0.00137	0.00071	0.00214	0.26859	-0.71219	-0.01589	7.27566	10.78956
"ID=PCA_SD_04303"	0	0.00296	0.003	0.00303	0.00279	-0.06684	0.2161	0.02979	32.89505	40.25207
"ID=PCA_SD_04349"	0	0.006	0.00604	0.00369	0.00289	1.97074	3.33798	0.0155	78.40169	73.73341
"ID=PCA_SD_04412"	0	0.00042	0.00036	0.00059	0.00059	-0.56059	-0.75924	-0.01295	13.78345	12.75866
"ID=PCA_SD_04435"	0	0.00078	0.00075	0.00094	0.00054	-0.43957	0.8508	0.08774	17.06429	19.48484
"ID=PCA_SD_04500"	0	0.00288	0.00306	0.00203	0.00135	1.03186	2.74872	-0.00437	30.613	27.07834
"ID=PCA_SD_04504"	0	0.0025	0.00031	0.00109	0.00022	3.02606	0.53909	0.07851	23.98499	6.66487
"ID=PCA_SD_04506"	0	0.00138	0.00097	0.00087	0.00065	1.26058	0.95022	0.08057	15.06101	15.24406
"ID=PCA_SD_04543"	0	0.00047	0.00016	0.00155	0.00052	-1.38134	-0.8912	NA	9.12605	5.995
"ID=PCA_SD_04554"	0	0.00144	0.00017	0.00168	0.00056	-0.28003	-0.8912	NA	9.89796	5.995
"ID=PCA_SD_04557"	0	0.00555	0.00331	0.00461	0.00375	0.60965	-0.34098	NA	41.2122	48.65771
"ID=PCA_SD_04558"	0	0	0	NA	NA	NA	NA	NA	NA	NA
"ID=PCA_SD_04564"	0	0.00229	0.00129	0.00222	0.00172	0.08952	-0.63868	NA	22.67791	20.50876
"ID=PCA_SD_04590"	0	0.00061	0.00061	0.00026	0.00026	1.70564	1.72931	NA	6.81448	7.87428
"ID=PCA_SD_04684"	0	0.00799	0.00719	0.0045	0.0045	2.32976	1.79486	NA	62.48473	88.73834
"ID=PCA_SD_04692"	0	0.00313	0.00212	0.00309	0.00265	0.04105	-0.57353	NA	37.26854	31.19706
"ID=PCA_SD_04695"	0	5e-05	0	0.00033	NA	-1.08393	NA	NA	3.46074	NA
"ID=PCA_SD_04727"	0	0.00078	0.00043	0.00112	0.00074	-0.60241	-0.71858	NA	10.07109	8.68795
"ID=PCA_SD_04796"	0	0.00272	0.00353	0.00189	0.00168	1.19809	2.90529	0.05278	32.50284	36.63156
"ID=PCA_SD_04823"	0	0.00423	0.00393	0.00182	0.00182	2.62134	2.29722	NA	17.6734	20.24492
"ID=PCA_SD_04852"	0	0.00986	0.00777	0.00894	0.00731	0.32458	0.19334	NA	44.99846	50.29794
"ID=PCA_SD_04857"	0	0.00191	0.00084	0.00555	0.00069	-1.73054	0.26859	NA	22.28578	6.37695
"ID=PCA_SD_04869"	0	0.00376	0.00489	0.005	0.005	-0.63291	-0.05673	NA	35.69073	36.42285
"ID=PCA_SD_04874"	0	0.00445	0.00438	0.00255	0.00255	2.06209	1.98475	NA	28.62065	31.32828
"ID=PCA_SD_04913"	0.02	0	0.00037	NA	0.00063	NA	-0.81326	NA	NA	21.11181
"ID=PCA_SD_04915"	0	0	0	NA	NA	NA	NA	NA	NA	NA
"ID=PCA_SD_04940"	0	0.00644	0.0017	0.00538	0.00346	0.58038	-1.37827	NA	33.82061	30.82718
"ID=PCA_SD_04944"	0	0.00235	0.00156	0.00192	0.00137	0.56852	0.3226	NA	24.87535	23.43781
"ID=PCA_SD_04962"	0	0.00482	0.00555	0.00419	0.00293	0.41465	2.28265	NA	27.35472	39.28529
"ID=PCA_SD_04989"	0	0.00203	0.00257	0.00133	0.00113	1.095	2.19057	0.08821	11.44916	10.22735
"ID=PCA_SD_05057"	0	0.0041	0.00301	0.00333	0.00257	0.66714	0.47594	NA	25.8566	36.97785
"ID=PCA_SD_05075"	0.03	0	0	NA	NA	NA	NA	NA	NA	NA
"ID=PCA_SD_05120"	0	0.00526	0.00416	0.00437	0.0027	0.64026	1.56678	0.03874	40.18134	40.51905
"ID=PCA_SD_05173"	0	0.00328	0.00196	0.00271	0.00162	0.4961	0.41351	-0.02245	20.47497	17.42976
"ID=PCA_SD_05327"	0	0.00388	0.0011	0.00249	0.00186	1.48108	-1.00685	0.18682	39.79507	42.22362
"ID=PCA_SD_05330"	0	0	0	NA	NA	NA	NA	0	NA	NA
"ID=PCA_SD_05339"	0.07	0.00071	3e-05	0.00058	0.00019	0.47275	-1.08393	0	12.29515	4.50089
"ID=PCA_SD_05360"	0.17	0	0	NA	NA	NA	NA	0	NA	NA
"ID=PCA_SD_05389"	0	0.00224	0.00046	0.00197	0.00066	0.33503	-0.51143	NA	18.53259	10.56109
"ID=PCA_SD_05398"	0	0.00504	0.00554	0.00278	0.00278	2.29239	2.79861	NA	66.31405	87.95619
"ID=PCA_SD_05509"	0	0.00814	0.0059	0.00625	0.00268	0.88747	2.95408	NA	44.48092	38.85723
"ID=PCA_SD_05513"	0.05	0	0.00095	NA	0.00072	NA	0.40722	NA	NA	6.86368
"ID=PCA_SD_05578"	0	0.00284	0.00054	0.00192	0.00043	1.30673	0.45003	0.15554	32.95163	9.27636
"ID=PCA_SD_05640"	0	0.00107	0.00033	0.00223	0.00056	-1.13483	-0.52602	-0.01492	12.47292	7.03727
"ID=PCA_SD_05688"	0	0.00018	0.00014	0.00068	0.00017	-1.60643	-0.18789	0	12.77749	5.46554
"ID=PCA_SD_05723"	0	0.00117	0.00095	0.00162	0.00041	-0.60427	1.72931	0.02792	12.32972	7.87428
"ID=PCA_SD_05759"	0	0.0053	0.00422	0.00357	0.00208	1.38103	2.62028	0.01484	36.78452	28.81867
"ID=PCA_SD_05791"	0	0.00334	0.0034	0.00216	0.0018	1.35115	2.0884	0.05036	22.19374	24.77719
"ID=PCA_SD_05817"	0	0.00225	0.00488	0.00299	0.00299	-0.62906	1.61893	0.07107	31.298	45.3033
"ID=PCA_SD_05823"	0	0.00906	0.00378	0.00455	0.0048	3.03798	-0.65667	0.11552	116.83748	60.71403
"ID=PCA_SD_05824"	0	0.00823	0.0052	0.00444	0.00444	2.61484	0.52603	0.06116	69.08022	65.66956
"ID=PCA_SD_05833"	0	0.00019	9e-05	0.00062	0.00031	-1.19143	-0.8912	-0.01342	7.23232	5.995
"ID=PCA_SD_05838"	0	0	0	NA	NA	NA	NA	0	NA	NA
"ID=PCA_SD_05877"	0.38	0	0	NA	NA	NA	NA	0	NA	NA
"ID=PCA_SD_05892"	0	0.00464	0.00332	0.00739	0.00471	-1.16805	-0.868	0.05037	44.62225	60.73098
"ID=PCA_SD_05995"	0	0	0.00079	NA	0.00156	NA	-1.1528	0.07448	NA	25.39439
"ID=PCA_SD_06014"	0	0.00022	0.00022	0.00058	0.00049	-1.25553	-0.93925	-0.00721	9.83419	12.03331
"ID=PCA_SD_06024"	0	0.00017	0.00085	0.00066	0.00056	-1.147	0.6642	0.00921	5.71282	7.10579
"ID=PCA_SD_06058"	0	0.00849	0.00334	0.00483	0.00483	1.99811	-0.81728	0	49.23923	42.72823
"ID=PCA_SD_06060"	0	0.00635	0.00422	0.00438	0.00467	1.34463	-0.28829	0.05031	36.70414	39.52244
"ID=PCA_SD_06105"	0	0.0039	0.00491	0.00237	0.00271	1.64779	2.13714	0.01143	24.85494	32.81699
"ID=PCA_SD_06109"	0	0.00567	0.00629	0.00382	0.00287	1.27949	2.93574	0.04691	36.89276	34.27495
"ID=PCA_SD_06119"	0	0.00146	0.00153	0.00139	0.00139	0.0981	0.19046	-0.01322	13.9251	22.01602
"ID=PCA_SD_06120"	0	0.0039	0.00472	0.00352	0.00301	0.28283	1.3943	0.05771	21.6026	30.17633
"ID=PCA_SD_06238"	0	0.00209	0	0.0013	NA	1.56121	NA	NA	39.07218	NA
"ID=PCA_SD_06273"	0	0.00679	0.00556	0.00571	0.00503	0.57912	0.31412	NA	50.68902	52.01489
"ID=PCA_SD_06296"	0	0.01464	0.01485	0.00835	0.0078	2.23966	2.66456	0.03249	69.90616	64.25067
"ID=PCA_SD_06329"	0.7	0	0	NA	NA	NA	NA	0	NA	NA
"ID=PCA_SD_06366"	0.93	0	0	NA	NA	NA	NA	0	NA	NA
"ID=PCA_SD_06384"	0	0.00346	0.00183	0.00195	0.00168	1.97484	0.22285	0.12621	39.05224	30.25339
"ID=PCA_SD_06434"	0	0.00047	0.00016	0.00104	0.00104	-0.70523	-1.08393	0	6.54417	4.50089
"ID=PCA_SD_06457"	0	0.00457	0.00315	0.0027	0.00195	2.11738	1.78374	0.15583	58.33376	66.56261
"ID=PCA_SD_06484"	0	0.00556	0.00311	0.00258	0.00258	2.5273	0.45684	0.08603	32.27196	25.50779
"ID=PCA_SD_06485"	0	0.0034	0.00359	0.00335	0.00279	0.033	0.66961	-0.00537	21.91516	21.43581
"ID=PCA_SD_06503"	0	0.00382	0.00701	0.00196	0.00392	1.62315	1.725	0.13404	11.78896	19.87167
"ID=PCA_SD_06581"	0	0.00049	0.00035	0.00022	0.00034	2.01944	0.06151	NA	13.16416	11.67988
"ID=PCA_SD_06588"	0	0.00149	0.00165	0.00123	0.00148	0.49118	0.28326	NA	16.50102	21.28764
"ID=PCA_SD_06591"	0	0.00375	0.00337	0.00175	0.00175	3.27451	2.65363	NA	56.21085	46.92906
"ID=PCA_SD_06613"	0	0.00054	9e-05	0.00055	0.00055	-0.04309	-1.44362	NA	9.45079	9.00179
"ID=PCA_SD_06625"	0	0.00155	0.00093	0.00136	0.00045	0.27933	1.3506	NA	15.56428	8.55195
"ID=PCA_SD_06633"	0	0.00016	0.00047	0.00102	0.00041	-1.97233	0.26089	NA	17.30369	10.94303
"ID=PCA_SD_06657"	0.18	0	0	NA	NA	NA	NA	NA	NA	NA
"ID=PCA_SD_06659"	0	0.00754	0.00915	0.00428	0.00397	2.24661	3.79054	NA	66.64468	77.51186
"ID=PCA_SD_06742"	0	0.00883	0.00384	0.00511	0.00584	1.86422	-0.90417	0.14367	43.18558	41.48152
"ID=PCA_SD_06743"	0	0.01317	0.00466	0.00661	0.00661	2.9212	-0.868	0.12996	106.08843	75.85968
"ID=PCA_SD_06764"	0	0.00676	0.0064	0.00726	0.00427	-0.20818	1.37918	0.01527	30.76958	34.41698
"ID=PCA_SD_06790"	0	0.00154	0.00015	0.00137	0.00034	0.2843	-0.70523	0.16643	15.97527	6.01666
"ID=PCA_SD_06800"	0	0.00035	0	0.00048	NA	-0.40885	NA	NA	5.59648	NA
"ID=PCA_SD_06812"	0	0.00309	0.00193	0.00438	0.00239	-0.94546	-0.54929	NA	50.03649	28.90135
"ID=PCA_SD_06912"	0	0.0118	0.00163	0.00841	0.00673	1.11507	-1.99817	0.21713	44.88513	30.94349
"ID=PCA_SD_06933"	0	0	0	NA	NA	NA	NA	0	NA	NA
"ID=PCA_SD_07020"	0	0.00231	0.00119	0.00158	0.00142	1.27996	-0.44098	0.07206	43.82528	43.15421
"ID=PCA_SD_07065"	0	0.00116	0.00163	0.00111	0.00095	0.10425	1.43291	0.16897	16.37625	18.2119
"ID=PCA_SD_07077"	0	0.00103	0.00901	6e-04	0.00562	1.12421	1.70708	0.07858	7.57774	33.92167
"ID=PCA_SD_07086"	0.02	0	0	NA	NA	NA	NA	0	NA	NA
"ID=PCA_SD_07125"	0	0.00286	6e-04	0.00211	7e-04	0.87653	-0.25024	0.21016	24.80525	10.93109
"ID=PCA_SD_07143"	0	0.00084	0.00079	0.00055	0.00055	0.6642	0.53909	-0.01604	6.65069	6.66487
"ID=PCA_SD_07174"	0	0.00066	0.00087	0.00099	0.00099	-0.65643	-0.22601	-0.01618	9.46687	11.40238
"ID=PCA_SD_07259"	0	0.00459	0.00383	0.00262	0.00262	2.18639	1.3345	NA	54.22354	71.00115
"ID=PCA_SD_07321"	0	7e-04	0	0.00039	NA	0.99895	NA	NA	6.9687	NA
"ID=PCA_SD_07322"	0	0.00114	0.00195	0.00156	0.00273	-0.59708	-0.73007	NA	17.34475	23.43547
"ID=PCA_SD_07353"	0	0.01159	0.01076	0.00709	0.006	1.84564	2.23832	NA	54.16434	66.86546
"ID=PCA_SD_07500"	0	0.00081	0.00164	0.00086	0.00122	-0.13865	0.81112	0.00849	13.31521	19.65842
"ID=PCA_SD_07622"	0	0.01094	0	0.0063	NA	2.23648	NA	NA	90.35222	NA
"ID=PCA_SD_07641"	0	0.00345	0.00117	0.00289	0.00157	0.56043	-0.72255	NA	41.43613	28.28791
"ID=PCA_SD_07724"	0	0.00103	0.00127	0.00054	0.00081	1.54884	1.1419	0.03232	11.91114	10.67493
"ID=PCA_SD_07729"	0	0.00235	0.00206	0.00225	0.00135	0.11916	1.29183	0.02961	24.24614	23.89885
"ID=PCA_SD_07763"	0	0.00521	0.00726	0.00493	0.00493	0.14812	1.24734	0.03304	17.52742	28.51041
"ID=PCA_SD_07785"	0	0.01464	0.00784	0.00938	0.00782	1.82016	0.00967	NA	60.18734	73.9697
"ID=PCA_SD_07849"	0	0.00911	0.00128	0.00609	0.00141	1.59919	-0.18942	NA	50.14063	11.13623
"ID=PCA_SD_07877"	0	0.00472	0.00302	0.0047	0.00272	0.0142	0.31344	NA	51.20843	35.07294
"ID=PCA_SD_07897"	0	0.00469	0.00368	0.00496	0.00276	-0.16711	0.9261	NA	41.82967	26.84468
"ID=PCA_SD_07918"	0.23	0	0	NA	NA	NA	NA	NA	NA	NA
"ID=PCA_SD_07929"	0	0.00148	0.00097	0.00149	0.00149	-0.01342	-0.69128	NA	12.65218	11.32344
"ID=PCA_SD_07994"	0	0.0049	0.00386	0.00363	0.00272	0.9293	1.02539	-0.0047	30.88971	33.59063
"ID=PCA_SD_08058"	0	0.00027	0.00055	2e-04	0.00061	0.40722	-0.18594	-0.01695	7.75374	13.60568
"ID=PCA_SD_08117"	0	0.00401	0.00296	0.00266	0.00222	1.2476	0.78651	NA	21.54879	22.06847
"ID=PCA_SD_08130"	0	0.00671	0.00626	0.00307	0.00307	3.71505	3.25835	NA	146.73244	101.16997
"ID=PCA_SD_08166"	0	0.00108	0	0.00187	NA	-1.04352	NA	0	23.07746	NA
"ID=PCA_SD_08173"	0	0.00554	0.00272	0.00885	0.00272	-1.08793	-0.00326	0.04764	34.56776	15.6019
"ID=PCA_SD_08250"	0	0.00013	0.00036	0.00041	0.00082	-0.8912	-0.95726	NA	5.71282	7.83401
"ID=PCA_SD_08269"	0	0.00039	0.00072	0.00107	0.00086	-1.49366	-0.34546	NA	16.35458	18.48194
"ID=PCA_SD_08298"	0	0.0069	0.01017	0.00491	0.00546	1.0958	2.39114	NA	28.92599	42.8959
"ID=PCA_SD_08336"	0	0.00405	0.00054	0.00315	0.00225	0.73012	-1.76929	NA	24.68066	20.03683
"ID=PCA_SD_08340"	0	0.00097	0.00045	0.00041	0.00041	1.72931	0.12319	NA	7.95329	7.33867
"ID=PCA_SD_08423"	0	0.00097	9e-04	0.00068	0.00051	0.93707	1.5392	0.03423	20.15793	15.79719
"ID=PCA_SD_08424"	0	0.00202	0.00161	0.00153	0.00102	0.85553	1.40401	0.02608	29.05006	36.63577
"ID=PCA_SD_08537"	0	0	0.00185	NA	0.00185	NA	-0.00122	NA	NA	11.64444
"ID=PCA_SD_08558"	0	0.0012	0.00216	0.00091	0.00116	0.63795	1.70301	NA	13.30137	14.69392
"ID=PCA_SD_08581"	0	0.00057	0.00016	0.00028	0.00028	1.3506	-0.52602	NA	7.83242	7.03727
"ID=PCA_SD_08590"	0	0.00449	0.00572	0.00224	0.00252	2.64634	3.43585	NA	53.71172	59.36821
"ID=PCA_SD_08631"	0	0.0111	0.00712	0.00759	0.00536	1.51377	1.03861	0.1177	68.86321	109.78733
"ID=PCA_SD_08694"	0	0.0027	0.00225	0.00181	0.00121	1.47384	2.40719	NA	49.94185	58.83967
"ID=PCA_SD_08708"	0	0.00178	0.00199	0.00177	0.00106	0.00758	1.7396	NA	16.17335	14.62673
"ID=PCA_SD_08824"	0	0.00374	0.00228	0.00279	0.00172	0.99198	0.86153	NA	37.28082	25.34121
"ID=PCA_SD_08841"	0	0.00489	0.00367	0.00311	0.00311	1.25483	0.39214	NA	26.71584	18.64626
"ID=PCA_SD_08851"	0	0	0	NA	NA	NA	NA	NA	NA	NA
"ID=PCA_SD_08853"	0	0.00094	0.00023	0.00078	0.00078	0.41002	-1.38831	NA	12.95073	12.21997
"ID=PCA_SD_08885"	0	0.00469	0.00477	0.00269	0.00202	1.62579	2.71195	-0.00011	16.32865	13.76962
"ID=PCA_SD_08911"	0	0.00352	0.00287	0.00374	0.00272	-0.16778	0.14812	-0.0041	31.91124	35.34628
"ID=PCA_SD_08963"	0	0.00162	0.00221	0.00264	0.00185	-1.07519	0.49445	NA	45.67253	41.4571
"ID=PCA_SD_09134"	0	0.00037	0.00073	0.00033	0.00067	0.12319	0.14605	-0.01148	6.6269	9.55663
"ID=PCA_SD_09321"	0	0.00064	0.00079	0.00101	4e-04	-0.84394	1.63891	NA	14.80586	13.24471
"ID=PCA_SD_09322"	0	0.00079	0.00022	0.00087	0.00065	-0.206	-1.29943	NA	15.07467	11.28841
"ID=PCA_SD_09379"	0	7e-04	0.00024	0.00107	0.00063	-0.75237	-1.25553	-0.0273	14.42587	10.25968
"ID=PCA_SD_09388"	0	0.00396	0	0.00331	NA	0.53438	NA	0	36.78578	NA
"ID=PCA_SD_09389"	0	0.00213	0	0.00302	NA	-0.77296	NA	0	18.32454	NA
"ID=PCA_SD_09395"	0	0.0028	9e-04	0.00266	0.00201	0.15856	-1.7114	-0.00216	34.01114	36.54491
"ID=PCA_SD_09402"	0.02	0.00171	0	0.00138	NA	0.414	NA	0	7.50263	NA
"ID=PCA_SD_09449"	0	0.00515	0.00515	0.00306	0.00306	1.84119	1.84912	NA	27.81281	28.87624
"ID=PCA_SD_09451"	0	0.00705	0.00646	0.0041	0.00342	2.05858	2.45972	NA	43.15827	36.74081
"ID=PCA_SD_09455"	0	0.00583	0.00596	0.00477	0.00341	0.65134	2.06866	NA	27.60911	40.36238
"ID=PCA_SD_09456"	0	0.00149	0.00091	0.00137	0.00069	0.19659	0.55811	NA	16.08413	9.72027
"ID=PCA_SD_09530"	0.1	0	0	NA	NA	NA	NA	0	NA	NA
"ID=PCA_SD_09540"	0	0.00567	0.00026	0.00361	5e-04	1.73043	-1.00369	0.01812	74.95381	14.07454
"ID=PCA_SD_09549"	0	0.00209	0	0.00177	NA	0.36297	NA	0	12.37062	NA
"ID=PCA_SD_09552"	0	0.00359	0	0.0033	NA	0.21422	NA	0.10345	20.18074	NA
"ID=PCA_SD_09742"	0	0.00184	0.00215	0.00157	0.00157	0.41701	0.89487	NA	28.46474	24.57358
"ID=PCA_SD_09759"	0.1	0	0	NA	NA	NA	NA	NA	NA	NA
"ID=PCA_SD_09803"	0	0.01088	0.00998	0.00669	0.00509	1.99131	2.96473	NA	83.03514	59.22555
"ID=PCA_SD_09846"	0	0.00469	0.00531	0.00341	0.00284	1.07563	2.40281	0.0276	39.05874	37.55975
"ID=PCA_SD_09847"	0	0.00194	0.00208	0.00186	0.00103	0.11172	2.37634	0.05164	22.19336	18.82533
"ID=PCA_SD_09906"	0	0.00702	0.00662	0.00401	0.00401	1.9152	1.66029	0.01083	33.08023	30.89661
"ID=PCA_SD_10016"	0	0.00038	0	0.00142	NA	-1.88948	NA	0	22.85127	NA
"ID=PCA_SD_10029"	0	0.00179	0.00464	0.00177	0.002	0.02566	2.8695	0.03017	14.34563	19.05897
"ID=PCA_SD_10176"	0	0.00342	0.00074	0.00182	0.00129	2.05025	-1.00309	NA	26.26667	13.77927
"ID=PCA_SD_10184"	0	0.00247	0.00037	0.00171	0.00076	1.17435	-1.19598	NA	21.06171	15.50959
"ID=PCA_SD_10264"	0	0.00254	0.00176	0.0023	0.00147	0.26768	0.40131	-0.01055	19.73649	15.14062
"ID=PCA_SD_10320"	0	0	0	NA	NA	NA	NA	NA	NA	NA
"ID=PCA_SD_10361"	0	0.00174	0.00129	0.00163	0.0013	0.1614	-0.02195	NA	16.82057	15.47033
"ID=PCA_SD_10456"	0	0.00132	0	0.005	NA	-2.49921	NA	NA	91.40508	NA
"ID=PCA_SD_10577"	0	0.00124	0	0.00124	NA	0.0087	NA	0	8.54542	NA
"ID=PCA_SD_10615"	0	0.00272	0.00347	0.00214	0.00197	0.80038	2.18137	NA	43.31025	54.51468
"ID=PCA_SD_10654"	0	0.01448	0.01224	0.00628	0.00628	3.88743	2.82292	0.27586	117.95292	101.09747
"ID=PCA_SD_10676"	0	0.00219	0.00275	0.00169	0.00169	0.69422	1.45837	0.22696	18.38819	23.55256
"ID=PCA_SD_10708"	0	0.00548	0.00133	0.0045	0.00307	0.6843	-1.69198	NA	60.30472	43.14945
"ID=PCA_SD_10770"	0	0.00314	0.002	0.00243	0.00135	0.79844	1.13228	NA	32.32495	24.91585
"ID=PCA_SD_10868"	0	0.01075	0.00772	0.00733	0.00611	1.33758	0.72911	0	41.05266	46.38182
"ID=PCA_SD_10870"	0	0.00237	0.00064	0.00318	0.00122	-0.7401	-1.11465	0.25672	26.88354	20.99557
"ID=PCA_SD_10919"	0	0.00289	0.00089	0.0015	0.0015	1.83718	-0.81326	0	23.08578	21.11181
"ID=PCA_SD_10938"	0	0.00116	0.00117	0.00217	0.00217	-1.23003	-1.22481	0	30.67009	47.73346
"ID=PCA_SD_11070"	0	0.00169	0.00039	0.00133	0.001	0.71554	-1.49226	NA	28.25094	24.76098
"ID=PCA_SD_11134"	0	0.00312	0.00316	0.00209	0.00167	1.16058	1.95217	-0.01657	18.57282	23.12963
"ID=PCA_SD_11154"	0	0	0	NA	NA	NA	NA	0	NA	NA
"ID=PCA_SD_11224"	0	0.00486	0.00255	0.00285	0.00266	2.09999	-0.1197	NA	48.88274	34.73546
"ID=PCA_SD_11226"	0	0.00281	0.00518	0.00391	0.00247	-0.86349	3.15864	NA	61.80807	75.07367
"ID=PCA_SD_11228"	0	0.00243	0.00017	0.00501	0.00109	-1.6231	-1.97233	NA	65.68565	22.50447
"ID=PCA_SD_11230"	0	0.00297	0.00045	0.00232	0.00109	0.85331	-1.54545	NA	30.36622	39.09257
"ID=PCA_SD_11237"	0	0.00371	0.00454	0.0021	0.0021	1.67611	2.5388	NA	22.63364	23.99605
"ID=PCA_SD_11247"	0	0.00186	0.00061	0.0028	0.00052	-1.00595	0.33509	NA	34.6379	11.36673
"ID=PCA_SD_11249"	0	0.00097	0.00085	0.00148	0.00099	-0.85799	-0.30377	NA	20.37813	22.01824
"ID=PCA_SD_11259"	0	0.00464	0.00059	0.00412	0.00027	0.37218	1.48585	0.10029	87.83598	6.74831
"ID=PCA_SD_11261"	0	0.00461	0.00176	0.00467	0.00082	-0.04357	2.23797	0.13087	53.56098	15.21301
"ID=PCA_SD_11316"	0	0	0	NA	NA	NA	NA	0	NA	NA
"ID=PCA_SD_11442"	0	0.00115	0	0.00076	NA	0.6642	NA	0.18644	6.65069	NA
"ID=PCA_SD_11482"	0	0.00228	0	0.00272	NA	-0.35697	NA	0.18644	14.67767	NA
"ID=PCA_SD_11487"	0	0.00666	0.003	0.00664	0.00242	0.00592	0.52442	0.09678	26.23566	16.52461
"ID=PCA_SD_11510"	0	0.00816	0.00961	0.00988	0.00732	-0.55891	0.97204	NA	45.83054	59.82304
"ID=PCA_SD_11530"	0	0.00152	0.0015	0.00111	0.00111	0.80192	0.76166	NA	25.41324	26.3759
"ID=PCA_SD_11607"	0	0	0.00039	NA	0.00054	NA	-0.4754	NA	NA	9.73022
"ID=PCA_SD_11687"	0	0.01205	0.00901	0.00531	0.00531	3.73159	2.04707	0.06566	80.80454	87.89264
"ID=PCA_SD_11717"	0	0.00142	0.00105	0.00097	0.00097	0.77427	0.12579	0.01089	10.86756	11.53726
"ID=PCA_SD_11735"	0	9e-05	0.00117	0.00034	0.0037	-1.147	-1.99347	NA	5.71282	47.15584
"ID=PCA_SD_11755"	0	0	0	NA	NA	NA	NA	NA	NA	NA
"ID=PCA_SD_11764"	0	0.00048	0.00074	0.00125	0.00106	-1.25553	-0.51143	NA	9.83419	10.56109
"ID=PCA_SD_11946"	0	0	5e-05	NA	0.00034	NA	-1.08393	0.00043	NA	4.50089
"ID=PCA_SD_12080"	0	0.00225	0.00145	0.0017	0.00141	0.79671	0.06173	NA	18.6	24.07686
"ID=PCA_SD_12097"	0.12	0	0	NA	NA	NA	NA	NA	NA	NA
"ID=PCA_SD_12099"	0.07	0.0029	0	0.00385	NA	-0.79358	NA	NA	32.75126	NA
"ID=PCA_SD_12121"	0	0.00392	0.00228	0.00229	0.00254	2.50219	-0.33493	NA	143.11338	125.71089
"ID=PCA_SD_12123"	0	0.00032	0.00399	0.00094	0.00239	-1.53889	1.81978	NA	14.50051	25.77253
"ID=PCA_SD_12192"	0	0.00322	0.00343	0.00243	0.00162	0.87139	2.73403	0.01657	46.75364	37.53113
"ID=PCA_SD_12204"	0	0.00092	0.00079	0.00084	0.00126	0.16407	-0.73833	-0.00779	13.25379	10.97457
"ID=PCA_SD_12337"	0	0.00397	0.00082	0.00308	0.00081	0.78258	0.05032	NA	26.9665	9.79874
"ID=PCA_SD_12471"	0	0.00136	0.00229	0.00132	0.00196	0.07477	0.42712	0.04664	20.48783	36.0271
"ID=PCA_SD_12571"	0.43	0	0	NA	NA	NA	NA	0	NA	NA
"ID=PCA_SD_12658"	0	0	0	NA	NA	NA	NA	NA	NA	NA
"ID=PCA_SD_12676"	0.42	4e-04	0	0.00029	NA	0.60314	NA	NA	10.34097	NA
"ID=PCA_SD_12695"	0	0.00538	0.00761	0.00437	0.00322	0.70771	4.01096	NA	63.14029	79.38054
"ID=PCA_SD_12907"	0	0	0.00124	NA	0.00077	NA	0.78254	0.02023	NA	7.25607
"ID=PCA_SD_12933"	0	0.00175	0	0.00166	NA	0.15058	NA	NA	29.66162	NA
"ID=PCA_SD_12991"	0	0.0031	0.00089	0.00141	0.00176	2.62507	-1.16018	NA	32.78827	27.64595
"ID=PCA_SD_13004"	0	0.00271	0.00236	0.00215	0.00215	0.7485	0.27627	NA	54.71391	53.78671
"ID=PCA_SD_13027"	0	6e-05	0	0.00041	NA	-1.08393	NA	NA	3.46074	NA
"ID=PCA_SD_13086"	0	0	0.00144	NA	0.0011	NA	0.61913	NA	NA	16.0406
"ID=PCA_SD_13117"	0	0.00243	0.00169	0.00123	0.00082	1.92083	1.79878	NA	19.36315	17.1039
"ID=PCA_SD_13206"	0	0.00095	0.00077	0.00042	0.00042	2.14103	1.39573	NA	13.24869	12.12319
"ID=PCA_SD_13315"	0	0.00062	0.00101	0.00037	0.0011	0.89413	-0.15457	NA	6.36449	11.45898
"ID=PCA_SD_13386"	0	0	0	NA	NA	NA	NA	0	NA	NA
"ID=PCA_SD_13392"	0.05	0.00046	0	0.00049	NA	-0.08237	NA	0	6.6269	NA
"ID=PCA_SD_13662"	0.48	0	0	NA	NA	NA	NA	0	NA	NA
"ID=PCA_SD_13712"	0	0.00167	0.00233	0.00152	0.00114	0.2196	2.06372	NA	13.46842	15.90183
"ID=PCA_SD_13802"	0	0.00644	0.00179	0.00529	0.00397	0.6725	-1.63653	NA	63.92205	90.24983
"ID=PCA_SD_13983"	0	0.00499	6e-05	0.00522	4e-04	-0.12815	-1.08393	NA	37.15813	4.50089
"ID=PCA_SD_13999"	0.03	0	0.00055	NA	0.00097	NA	-0.94647	NA	NA	14.59339
"ID=PCA_SD_14108"	0	0.00158	0.00124	0.001	8e-04	1.34885	1.20594	NA	20.61803	15.62581
"ID=PCA_SD_14120"	0	0.00378	0.00415	0.00302	0.00302	0.61981	0.91752	NA	22.71112	24.43183
"ID=PCA_SD_14125"	0	0.00095	0.00044	0.00115	0.00069	-0.39972	-0.72439	NA	14.14211	16.36115
"ID=PCA_SD_14137"	0	0.00649	0.00334	0.00409	0.00409	1.49965	-0.47035	NA	27.98896	22.2573
"ID=PCA_SD_14188"	0	0.01642	0.01884	0.0082	0.0082	2.94891	3.81917	NA	89.87499	98.06965
"ID=PCA_SD_14198"	0	0.00324	0.00397	0.00207	0.00207	1.22751	1.99674	NA	21.81786	19.6579
"ID=PCA_SD_14331"	0	0.00121	0.00095	0.00074	5e-04	1.24123	1.58262	0.24138	15.69515	16.04256
"ID=PCA_SD_14343"	0	0.00096	0.00052	0.0014	0.00053	-0.82597	-0.02736	0.17324	22.47636	17.64291
"ID=PCA_SD_14451"	0	0.00598	0.00557	0.00347	0.00278	1.69094	2.19804	0.33131	25.73975	28.04132
"ID=PCA_SD_14455"	0	0.00178	0.00195	0.00101	0.00101	1.51481	1.84938	0.12594	15.53975	15.03041
"ID=PCA_SD_14478"	0	0.00169	0.00146	0.00223	0.00223	-0.65666	-0.935	NA	35.93715	34.13838
"ID=PCA_SD_14614"	0	0.00057	6e-05	0.00071	0.00035	-0.32229	-1.08393	0.11176	10.69397	4.50089
"ID=PCA_SD_14865"	0	0.00195	0.00271	0.00164	0.00143	0.50786	2.27784	NA	24.34671	30.40739
"ID=PCA_SD_14954"	0	0.00356	0.00288	0.00298	0.00191	0.58038	1.36541	NA	55.00724	44.92364
"ID=PCA_SD_15019"	0	0.00067	0.00076	0.00102	4e-04	-0.67734	1.40811	NA	10.16037	6.47621
"ID=PCA_SD_15024"	0	0.00067	0	0.00074	NA	-0.18942	NA	NA	12.01082	NA
"ID=PCA_SD_15041"	0	0.00338	0.00132	0.00369	0.001	-0.24429	0.74007	NA	27.50962	16.6631
"ID=PCA_SD_15166"	0	0	0.00062	NA	0.00039	NA	0.93968	NA	NA	7.50832
"ID=PCA_SD_15177"	0	7e-04	0.00025	0.00133	0.00033	-1.21719	-0.40885	NA	19.29046	5.46554
"ID=PCA_SD_15188"	0	0.00443	0.00703	0.00347	0.00344	0.95247	3.24738	0.01853	81.58479	92.52952
"ID=PCA_SD_15267"	0	0.00025	0.00049	0.00098	0.00033	-1.47718	0.6642	NA	11.06729	7.10579
"ID=PCA_SD_15320"	0	0.01582	0.01736	0.00809	0.00809	3.07752	3.69047	NA	113.35758	101.14304
"ID=PCA_SD_15323"	0	0.00592	0.0076	0.00686	0.00343	-0.44452	3.6591	NA	76.12656	80.81472
"ID=PCA_SD_15364"	0	0.00644	0.00053	0.00365	0.00072	2.18955	-0.53731	0.21907	51.80771	10.93109
"ID=PCA_SD_15403"	0	0.00292	0.00046	0.00163	0.00027	1.94875	0.89413	NA	34.42888	8.29319
"ID=PCA_SD_15404"	0	0.00064	0	0.00118	NA	-1.12335	NA	NA	18.51994	NA
"ID=PCA_SD_15437"	0	0.00099	0	0.00179	NA	-0.97092	NA	NA	22.72737	NA
"ID=PCA_SD_15443"	0	0.00644	0.00611	0.00605	0.00538	0.17358	0.36014	0.02215	26.19626	25.40196
"ID=PCA_SD_15576"	0	0	0	NA	NA	NA	NA	NA	NA	NA
"ID=PCA_SD_15591"	0	0.00395	0.00192	0.00319	0.00228	0.61277	-0.36157	NA	22.86612	23.66823
"ID=PCA_SD_15653"	0	0.00218	0.00163	0.0025	0.00156	-0.33501	0.09495	NA	32.76684	22.73533
"ID=PCA_SD_15697"	0	0.00574	0.00528	0.00631	0.0028	-0.24194	1.93204	NA	31.47008	25.22177
"ID=PCA_SD_15698"	0	0	0	NA	NA	NA	NA	NA	NA	NA
"ID=PCA_SD_15703"	0	0.00103	0.00017	0.00111	0.00037	-0.14063	-0.70523	NA	12.94488	6.01666
"ID=PCA_SD_15709"	0	0	0	NA	NA	NA	NA	NA	NA	NA
"ID=PCA_SD_15752"	0	0.00032	0.00014	0.00044	0.00052	-0.35357	-1.147	NA	6.66441	5.995
"ID=PCA_SD_15761"	0	0	0	NA	NA	NA	NA	NA	NA	NA
"ID=PCA_SD_15786"	0	0.00237	0.00173	0.00118	0.00118	2.07439	0.95509	0.18014	13.62896	16.58638
"ID=PCA_SD_15788"	0	0.00224	0.00182	0.00114	0.00114	1.98112	1.23492	0.17578	16.02638	15.01664
"ID=PCA_SD_15968"	0	0.00028	0.00043	0.00063	0.00063	-0.95726	-0.54295	NA	7.35256	8.10525
"ID=PCA_SD_15976"	0	0.00291	0.00299	0.00205	0.00205	1.30632	1.43709	NA	42.43207	53.26868
"ID=PCA_SD_16008"	0	0.0017	0.00697	0.0021	0.00432	-0.56361	1.85788	0.03641	22.65299	49.94768
"ID=PCA_SD_16032"	0	0.00396	0.00396	0.00179	0.00179	2.40874	2.41746	NA	16.86637	16.15279
"ID=PCA_SD_16040"	0.3	0	0	NA	NA	NA	NA	0	NA	NA
"ID=PCA_SD_16055"	0	0.00406	0	0.00325	NA	0.65732	NA	0	36.41521	NA
"ID=PCA_SD_16092"	0	0.00077	0	0.00107	NA	-0.61146	NA	NA	15.40712	NA
"ID=PCA_SD_16165"	0	0	0	NA	NA	NA	NA	NA	NA	NA
"ID=PCA_SD_16251"	0	0.00083	0.0011	0.00073	0.00062	0.28351	1.33043	0.10075	15.50749	14.77492
"ID=PCA_SD_16343"	0	0.00549	0.00387	0.00396	0.0036	1.08393	0.20453	NA	31.25388	38.77782
"ID=PCA_SD_16467"	0	0.00513	0.0032	0.00388	0.00172	0.87694	1.86734	NA	27.38593	19.8028
"ID=PCA_SD_16471"	0	0.00158	0.00026	0.00085	0.00085	1.097	-0.8912	NA	7.85727	5.995
"ID=PCA_SD_16752"	0	0	0	NA	NA	NA	NA	0	NA	NA
"ID=PCA_SD_16835"	0	0.0039	0.00507	0.00257	0.0022	1.32555	3.20649	0.21186	38.98945	45.32855
"ID=PCA_SD_17406"	0	0	0	NA	NA	NA	NA	NA	NA	NA
"ID=PCA_SD_17416"	0	0	0	NA	NA	NA	NA	NA	NA	NA
"ID=PCA_SD_17747"	0	0.00647	0.00298	0.00564	0.00257	0.41212	0.38166	NA	39.83779	23.6024
"ID=PCA_SD_17899"	0	0.00229	0.0019	0.00152	0.00152	0.86659	0.42976	NA	11.34564	11.79602
"ID=PCA_SD_17905"	0	0.00271	0.00264	0.00152	0.00152	1.33268	1.26063	NA	12.65349	10.8394
"ID=PCA_SD_18415"	0	0.00251	0.00053	0.00206	4e-04	0.54214	0.48543	NA	17.65247	7.10579
"ID=PCA_SD_18423"	0	0	0	NA	NA	NA	NA	NA	NA	NA
"ID=PCA_SD_18425"	0	0	0	NA	NA	NA	NA	NA	NA	NA
"ID=PCA_SD_18442"	0	0.00683	0.0023	0.00357	0.00318	2.46764	-0.72691	NA	43.70341	48.8456
"ID=PCA_SD_18455"	0.02	0	0	NA	NA	NA	NA	NA	NA	NA
"ID=PCA_SD_18563"	0	0.00062	0.00069	0.00086	0.00043	-0.4709	0.78254	0	13.32882	7.25607
"ID=PCA_SD_18569"	0	0.01062	0.00951	0.00515	0.00457	3.2529	3.24356	0.16888	113.44523	86.60815
"ID=PCA_SD_18631"	0	0.00297	0.00187	0.00258	0.00155	0.35213	0.40479	0.0292	29.10725	16.59912
"ID=PCA_SD_18698"	0.08	0	0.00044	NA	6e-04	NA	-0.4709	0	NA	12.2114
"ID=PCA_SD_18822"	0	0.00072	0.00034	0.00092	0.00069	-0.49068	-1.00494	NA	12.73179	11.52568
"ID=PCA_SD_18868"	0.27	0	0	NA	NA	NA	NA	NA	NA	NA
"ID=PCA_SD_18870"	0.08	0.00199	0.00142	0.00124	0.00062	1.30947	2.20633	NA	21.88473	13.11458
"ID=PCA_SD_18873"	0	0.00408	0.00428	0.0026	0.00309	1.70422	1.18373	NA	44.80459	48.9292
"ID=PCA_SD_18891"	0	0.00132	0.0013	0.00109	0.00109	0.49487	0.43827	NA	17.61991	19.46153
"ID=PCA_SD_18894"	0.52	0	0	NA	NA	NA	NA	NA	NA	NA
"ID=PCA_SD_18895"	0.52	0	0	NA	NA	NA	NA	NA	NA	NA
"ID=PCA_SD_18910"	0	0.00126	0.00165	0.00103	0.00155	0.36897	0.12598	NA	8.70134	14.89339
"ID=PCA_SD_19051"	0	0.00669	0.00377	0.00398	0.00313	2.08066	0.66955	NA	41.90714	41.61075
"ID=PCA_SD_19166"	0	0.00198	0.00034	0.0026	0.00024	-0.69529	0.72675	NA	43.15897	8.29319
"ID=PCA_SD_19245"	0	0.01302	0.0106	0.00664	0.00489	2.96687	3.44113	NA	50.07214	62.08197
"ID=PCA_SD_19461"	0	0.00016	6e-05	0.00036	0.00036	-0.70523	-1.08393	0.00043	6.54417	4.50089
"ID=PCA_SD_19463"	0	0.00311	0.00204	0.00238	0.0019	0.71514	0.15777	0.05841	18.58599	21.30089
"ID=PCA_SD_19465"	0	0.00076	0.00045	0.00111	0.00083	-0.67329	-0.90561	0.07425	12.48464	16.27211
"ID=PCA_SD_19466"	0	0.00229	0.0024	0.00143	0.00143	1.30947	1.48776	0.09818	20.49973	15.08264
"ID=PCA_SD_19782"	0	0	0	NA	NA	NA	NA	NA	NA	NA
"ID=PCA_SD_19819"	0	0.00318	0	0.00217	NA	1.08921	NA	NA	25.34727	NA
"ID=PCA_SD_19824"	0	4e-05	0	0.00025	NA	-1.08393	NA	NA	3.46074	NA
"ID=PCA_SD_20000"	0.08	0	0.00283	NA	0.00146	NA	1.85287	NA	NA	19.0033
"ID=PCA_SD_20087"	0	0.00244	0.00156	0.00111	0.00111	2.05096	0.69996	0.0822	13.01312	10.86043
"ID=PCA_SD_20090"	0	0.00167	0	0.00104	NA	1.04222	NA	0	12.97332	NA
"ID=PCA_SD_20568"	0	0.01017	0.00258	0.00907	0.00648	0.3923	-2.05772	0.02412	58.85557	82.70635
"ID=PCA_SD_20592"	0	0.00243	0.00022	0.0014	0.0014	1.25162	-1.44362	0	11.57134	9.00179
"ID=PCA_SD_20681"	0	0.00074	0	0.00056	NA	0.40722	NA	0	7.75374	NA
"ID=PCA_SD_20688"	0	0.00291	3e-04	0.00289	0.00041	0.02311	-0.35357	0.00181	33.18483	6.1057
"ID=PCA_SD_20834"	0	0	0	NA	NA	NA	NA	NA	NA	NA
"ID=PCA_SD_20883"	0	0.00035	0.00064	0.001	0.00067	-1.29943	-0.0566	NA	9.7668	9.11576
"ID=PCA_SD_21170"	0	0	0	NA	NA	NA	NA	NA	NA	NA
"ID=PCA_SD_21569"	0	0.00323	0.00438	0.00138	0.00369	2.65445	0.49049	0.23246	17.25189	25.53454
"ID=PCA_SD_21687"	0	0.00542	0.00507	0.00494	0.00286	0.30263	2.18492	0.1235	46.45539	40.86611
"ID=PCA_SD_21688"	0	0.00843	0.00673	0.00764	0.00566	0.33224	0.5875	0.12611	50.77528	58.92865
"ID=PCA_SD_22009"	0	0	0	NA	NA	NA	NA	0	NA	NA
"ID=PCA_SD_22044"	0	0.00507	0.00038	0.00659	0.00101	-0.66994	-1.0721	0.19039	30.41019	8.76558
"ID=PCA_SD_22138"	0	0.00942	0.00486	0.00687	0.00323	1.13126	1.33163	0.15505	48.12778	41.71065
"ID=PCA_SD_22448"	0	0.00201	0.00154	0.00143	0.00071	0.89681	1.97891	0.30752	24.26118	13.49661
"ID=PCA_SD_22612"	0	0.00299	0.00222	0.00202	0.00135	1.30039	1.58631	NA	34.96772	34.00359
"ID=PCA_SD_22660"	0	0	0	NA	NA	NA	NA	0	NA	NA
"ID=PCA_SD_23000"	0	0.00083	4e-05	0.00053	0.00026	0.98142	-1.08393	NA	11.68673	4.50089
"ID=PCA_SD_23469"	0	0	0	NA	NA	NA	NA	NA	NA	NA
"ID=PCA_SD_23470"	0	0	0	NA	NA	NA	NA	NA	NA	NA
"ID=PCA_SD_23537"	0	0	0	NA	NA	NA	NA	0	NA	NA
"ID=PCA_SD_23676"	0	0	0	NA	NA	NA	NA	0	NA	NA
"ID=PCA_SD_23755"	0	0	0	NA	NA	NA	NA	0	NA	NA
"ID=PCA_SD_23796"	0	0.01292	0.01479	0.00591	0.0065	3.28928	3.60155	0.01253	55.3812	91.6565
"ID=PCA_SD_23798"	0	0.00472	0.00434	0.00253	0.00232	2.48047	2.46271	0.04181	47.01054	58.22328
"ID=PCA_SD_24046"	0.02	0	0	NA	NA	NA	NA	0	NA	NA
"ID=PCA_SD_24205"	0	0.00383	0.00332	0.00206	0.00206	2.31301	1.64771	-0.02514	42.55316	34.94993
"ID=PCA_SD_24283"	0	0.00029	0	0.00065	NA	-0.70523	NA	0	6.54417	NA
"ID=PCA_SD_24295"	0	0.0045	0.0051	0.00415	0.00352	0.24444	1.27453	0.04327	31.63999	33.18612
"ID=PCA_SD_24339"	0	0	0	NA	NA	NA	NA	0	NA	NA
"ID=PCA_SD_24419"	0	0.0086	0.00837	0.00479	0.00479	2.23697	2.10314	NA	34.55005	32.81807
"ID=PCA_SD_24986"	0	0	0	NA	NA	NA	NA	0	NA	NA
"ID=PCA_SD_25335"	0	0.00886	0.01034	0.00542	0.00507	2.20693	3.26286	0.04305	112.7059	112.90012
"ID=PCA_SD_25526"	0.03	0	0	NA	NA	NA	NA	0	NA	NA
"ID=PCA_SD_25683"	0	0	0	NA	NA	NA	NA	NA	NA	NA
"ID=PCA_SD_25687"	0	0	0	NA	NA	NA	NA	NA	NA	NA
"ID=PCA_SD_26163"	0	0.00419	0.00133	0.00226	0.00226	2.09976	-1.00685	NA	47.14361	42.22362
"ID=PCA_SD_26256"	0	0.00553	0.00506	0.00339	0.00283	1.80859	2.18685	0.10487	42.16703	46.17448
"ID=PCA_SD_26422"	0	0	0	NA	NA	NA	NA	0	NA	NA
"ID=PCA_SD_26525"	0	0.01688	0.00793	0.01016	0.01072	2.18036	-0.86188	0.04483	145.38906	114.9728
"ID=PCA_SD_26536"	0	0	0	NA	NA	NA	NA	NA	NA	NA
"ID=PCA_SD_26610"	0	0	0	NA	NA	NA	NA	NA	NA	NA
"ID=PCA_SD_26916"	0.02	0	0	NA	NA	NA	NA	0	NA	NA
"ID=PCA_SD_26917"	0.02	0	0	NA	NA	NA	NA	0	NA	NA
