column	count	min	max	sum	mean	Q1	med	Q3	IQR	lW	rW	A_Count	C_Count	G_Count	T_Count	N_Count	Max_count
1	72274229	2	34	2239073178	30.98	31	34	34	3	27	34	21084829	16489821	12520137	22015691	163751	72274229
2	72273740	2	34	2246419069	31.08	31	34	34	3	27	34	22548172	13700022	15707212	20251118	67216	72274229
3	72273169	2	34	2248651449	31.11	31	34	34	3	27	34	21884300	14660442	15534695	20109598	84134	72274229
4	72272647	2	37	2487162899	34.41	35	37	37	2	32	37	20346142	15781901	15409560	20643177	91867	72274229
5	72271931	2	37	2484153953	34.37	35	37	37	2	32	37	20087009	15436834	15735761	20926616	85711	72274229
6	72271172	2	37	2485148380	34.39	35	37	37	2	32	37	20209008	16103289	16101271	19808785	48819	72274229
7	72270244	2	37	2481968188	34.34	35	37	37	2	32	37	20181047	15320165	16357034	20372925	39073	72274229
8	72269395	2	37	2481711640	34.34	35	37	37	2	32	37	20492193	15818239	15756208	20153979	48776	72274229
9	72268406	2	39	2597368842	35.94	37	39	39	2	34	39	20395097	15632342	15498128	20693475	49364	72274229
10	72267491	2	39	2597283485	35.94	37	39	39	2	34	39	20484746	15705440	15624595	20393562	59148	72274229
11	72266423	2	39	2594737173	35.91	37	39	39	2	34	39	20415197	15674711	15509596	20627177	39742	72274229
12	72265403	2	39	2592515762	35.87	37	39	39	2	34	39	20652206	15628763	15443375	20477120	63939	72274229
13	72264235	2	39	2590331927	35.85	37	39	39	2	34	39	20615878	15633624	15355496	20611012	48225	72274229
14	72262975	2	41	2688934182	37.21	38	41	41	3	34	41	20644335	15535403	15402222	20638676	42339	72274229
15	72261385	2	41	2690768618	37.24	38	41	41	3	34	41	20473780	15645739	15520935	20578730	42201	72274229
16	72259999	2	41	2687509434	37.19	38	41	41	3	34	41	20409467	15618049	15591628	20588366	52489	72274229
17	72258436	2	41	2687492627	37.19	38	41	41	3	34	41	20498111	15655332	15575507	20477788	51698	72274229
18	72256943	2	41	2682441516	37.12	38	40	41	3	34	41	20358046	15761488	15668207	20421947	47255	72274229
19	72255384	2	41	2686460279	37.18	38	41	41	3	34	41	20379661	15665190	15640802	20528931	40800	72274229
20	72253780	2	41	2686006669	37.17	38	41	41	3	34	41	20332805	15653787	15671909	20550220	45059	72274229
21	72252215	2	41	2683121196	37.14	38	41	41	3	34	41	20313330	15806113	15576562	20499283	56927	72274229
22	72250682	2	41	2680237868	37.10	38	41	41	3	34	41	20306917	15735212	15553977	20520691	133885	72274229
23	72249072	2	41	2671852951	36.98	38	41	41	3	34	41	20258044	15611975	15655943	20447498	275612	72274229
24	72247618	2	41	2675380331	37.03	38	41	41	3	34	41	20396680	15748694	15591361	20479426	31457	72274229
25	72246087	2	41	2674839792	37.02	38	41	41	3	34	41	20329980	15827186	15655432	20393842	39647	72274229
26	72244803	2	41	2674137387	37.01	38	41	41	3	34	41	20332325	15747184	15744966	20394192	26136	72274229
27	72243385	2	41	2673968918	37.01	38	41	41	3	34	41	20266918	15831700	15742101	20376533	26133	72274229
28	72242192	2	41	2670450941	36.97	38	41	41	3	34	41	20274774	15848060	15742509	20341359	35490	72274229
29	72240996	2	41	2667256311	36.92	38	40	41	3	34	41	20307760	15746280	15750051	20403745	33160	72274229
30	72240039	2	41	2662795093	36.86	38	40	41	3	34	41	20278835	15830109	15842611	20255939	32545	72274229
31	72238992	2	41	2650100932	36.69	38	40	41	3	34	41	20208544	15786380	15699367	20223446	321255	72274229
32	72238120	2	41	2649968647	36.68	38	40	41	3	34	41	20297924	15779840	15725322	20271892	163142	72274229
33	72237225	2	41	2644295948	36.61	38	40	41	3	34	41	20263822	15886701	15732868	20178723	175111	72274229
34	72236414	2	41	2642314768	36.58	38	40	41	3	34	41	20245365	15739261	15725144	20271758	254886	72274229
35	72235569	2	41	2634720939	36.47	38	40	41	3	34	41	20231353	15669820	15725552	20255646	353198	72274229
36	72234810	2	41	2631531425	36.43	38	40	41	3	34	41	20208149	15832694	15643436	20192370	358161	72274229
37	72234089	2	41	2632992822	36.45	37	40	41	4	31	41	20226169	15918184	15781931	20256609	51196	72274229
38	72233411	2	41	2632645619	36.45	37	40	41	4	31	41	20273693	15841645	15929356	20164510	24207	72274229
39	72232777	2	41	2634075243	36.47	37	40	41	4	31	41	20301088	15846848	15842444	20217249	25148	72274229
40	72232230	2	41	2634480248	36.47	37	40	41	4	31	41	20261820	15878643	15811370	20244082	36315	72274229
41	72231646	2	41	2630383653	36.42	37	40	41	4	31	41	20288190	15880847	15796967	20221133	44509	72274229
42	72231141	2	41	2628946693	36.40	37	40	41	4	31	41	20321240	15868930	15806266	20196987	37718	72274229
43	72230649	2	41	2620375214	36.28	37	40	41	4	31	41	20294307	15845896	15766517	20287780	36149	72274229
44	72230188	2	41	2613492163	36.18	37	40	41	4	31	41	20310465	15820146	15792602	20261106	45869	72274229
45	72229731	2	41	2601608093	36.02	36	40	41	5	29	41	20240448	15811982	15753686	20212852	210763	72274229
46	72229313	2	41	2593266960	35.90	36	40	41	5	29	41	20233674	15791274	15758128	20186534	259703	72274229
47	72228851	2	41	2591357589	35.88	36	40	41	5	29	41	20305381	15833271	15837167	20241102	11930	72274229
48	72228462	2	41	2583924004	35.77	36	40	41	5	29	41	20225866	15865633	15789404	20185759	161800	72274229
49	72228064	2	41	2580126091	35.72	36	40	41	5	29	41	20238751	15860530	15794608	20171150	163025	72274229
50	72227626	2	41	2574450666	35.64	35	40	41	6	26	41	20255038	15814096	15826693	20175178	156621	72274229
51	72227190	2	41	2566242487	35.53	35	40	41	6	26	41	20220850	15846576	15788449	20168705	202610	72274229
52	72226832	2	41	2561685022	35.47	35	40	41	6	26	41	20281171	15876683	15805576	20231447	31955	72274229
53	72226458	2	41	2557159386	35.40	35	39	41	6	26	41	20311934	15832002	15822837	20220614	39071	72274229
54	72226100	2	41	2551635299	35.33	35	39	41	6	26	41	20277521	15859191	15811516	20240104	37768	72274229
55	72225772	2	41	2545359841	35.24	35	39	41	6	26	41	20291623	15854874	15815901	20216062	47312	72274229
56	72225407	2	41	2538335636	35.14	35	39	41	6	26	41	20304348	15819489	15843758	20219830	37982	72274229
57	72225057	2	41	2530548513	35.04	35	39	41	6	26	41	20263630	15860975	15832412	20225183	42857	72274229
58	72224694	2	41	2521591125	34.91	35	39	41	6	26	41	20269569	15873040	15844683	20201972	35430	72274229
59	72224330	2	41	2513839180	34.81	35	39	41	6	26	41	20296236	15853765	15843574	20203581	27174	72274229
60	72223965	2	41	2505772312	34.69	35	38	41	6	26	41	20254313	15893331	15831802	20205431	39088	72274229
61	72223605	2	41	2496797289	34.57	35	38	41	6	26	41	20262771	15880603	15819427	20223671	37133	72274229
62	72223255	2	41	2486761201	34.43	35	38	41	6	26	41	20283242	15850542	15833895	20215297	40279	72274229
63	72222888	2	41	2476462073	34.29	34	37	40	6	25	41	20270366	15881119	15801529	20227462	42412	72274229
64	72222545	2	41	2467337114	34.16	34	37	40	6	25	41	20292537	15865819	15802603	20221587	39999	72274229
65	72222175	2	41	2456911336	34.02	34	37	40	6	25	41	20307983	15828735	15833881	20206379	45197	72274229
66	72221812	2	41	2442105864	33.81	34	37	40	6	25	41	20266218	15827338	15909767	20181096	37393	72274229
67	72221434	2	41	2432846636	33.69	34	36	40	6	25	41	20276160	15857305	15841892	20207737	38340	72274229
68	72221063	2	41	2423622090	33.56	34	36	39	5	27	41	20278538	15851720	15855331	20200247	35227	72274229
69	72220679	2	41	2412375456	33.40	34	36	39	5	27	41	20246327	15887600	15843955	20195579	47218	72274229
70	72220301	2	41	2401005613	33.25	34	36	39	5	27	41	20269681	15869029	15846239	20187673	47679	72274229
71	72219871	2	41	2390710412	33.10	34	35	39	5	27	41	20278657	15851151	15851980	20192010	46073	72274229
72	72219497	2	41	2378873534	32.94	34	35	39	5	27	41	20242429	15899342	15830446	20206573	40707	72274229
73	72219132	2	41	2367419006	32.78	34	35	39	5	27	41	20278120	15875310	15822710	20215150	27842	72274229
74	72218768	2	41	2355500442	32.62	33	35	38	5	26	41	20301276	15819947	15843540	20212505	41500	72274229
75	72218440	2	41	2344397220	32.46	33	35	37	4	27	41	20274622	15875526	15816132	20221134	31026	72274229
76	72218160	2	41	2334239353	32.32	33	35	37	4	27	41	20270328	15864500	15819902	20223313	40117	72274229
77	72218120	2	41	2323096081	32.17	33	35	37	4	27	41	20304250	15823117	15855518	20201409	33826	72274229
78	72218096	2	41	2312156137	32.02	33	35	37	4	27	41	20286397	15858239	15842351	20204383	26726	72274229
79	72218074	2	41	2302312595	31.88	33	35	36	3	29	40	20269420	15866893	15852632	20190309	38820	72274229
80	72218050	2	41	2292531681	31.74	33	35	36	3	29	40	20267791	15880301	15850399	20182242	37317	72274229
81	72218032	2	41	2282078536	31.60	33	35	36	3	29	40	20262131	15899233	15826921	20199322	30425	72274229
82	72218012	2	41	2272651654	31.47	33	35	36	3	29	40	20275451	15873611	15840314	20192508	36128	72274229
83	72217997	2	41	2263715661	31.35	33	35	36	3	29	40	20295746	15851947	15841734	20188565	40005	72274229
84	72217977	2	41	2255057924	31.23	33	35	36	3	29	40	20259389	15886542	15817548	20208968	45530	72274229
85	72217958	2	41	2246359691	31.11	33	35	35	2	30	38	20284833	15870117	15814961	20218652	29395	72274229
86	72217958	2	41	2238932917	31.00	33	35	35	2	30	38	20316444	15829020	15834636	20194700	43158	72274229
87	72217958	2	41	2231213632	30.90	33	35	35	2	30	38	20276680	15868009	15853240	20180668	39361	72274229
88	72217958	2	41	2224618139	30.80	33	35	35	2	30	38	20273307	15874806	15839499	20190291	40055	72274229
89	72217958	2	41	2218289239	30.72	33	35	35	2	30	38	20278358	15845947	15862683	20187039	43931	72274229
90	72217958	2	41	2211830623	30.63	32	35	35	3	28	39	20259913	15891361	15855583	20169272	41829	72274229
91	72217958	2	41	2206190913	30.55	32	35	35	3	28	39	20262062	15876843	15858018	20188904	32131	72274229
92	72217958	2	41	2199970669	30.46	32	35	35	3	28	39	20266664	15866554	15858069	20183872	42799	72274229
93	72217958	2	41	2191194655	30.34	32	35	35	3	28	39	20261076	15858602	15890927	20171849	35504	72274229
94	72217958	2	41	2186763554	30.28	32	35	35	3	28	39	20281855	15868624	15840072	20194494	32913	72274229
95	72217958	2	41	2181556338	30.21	32	35	35	3	28	39	20303548	15837601	15854549	20182595	39665	72274229
96	72217958	2	41	2176256333	30.13	32	35	35	3	28	39	20276289	15852611	15847981	20202730	38347	72274229
97	72217958	2	41	2169618401	30.04	32	35	35	3	28	39	20289767	15859953	15841073	20192586	34579	72274229
98	72217958	2	41	2163109560	29.95	32	35	35	3	28	39	20306405	15839539	15858181	20170978	42855	72274229
99	72217958	2	41	2155659411	29.85	32	35	35	3	28	39	20249713	15885918	15859156	20183329	39842	72274229
100	72217958	2	41	2147159184	29.73	32	35	35	3	28	39	20266154	15885586	15869291	20160736	36191	72274229
101	72217958	2	41	2045182068	28.32	29	34	35	6	20	41	20255963	15920172	15985028	20017826	38969	72274229
