column	count	min	max	sum	mean	Q1	med	Q3	IQR	lW	rW	A_Count	C_Count	G_Count	T_Count	N_Count	Max_count
1	43300	2	34	1330563	30.73	30	31	34	4	24	34	11117	11615	9282	11170	116	43300
2	43273	2	34	1335815	30.87	30	31	34	4	24	34	12275	9942	10031	11022	3	43300
3	43273	2	34	1337967	30.92	30	31	34	4	24	34	11042	10703	10074	11454	0	43300
4	43273	2	37	1492919	34.50	35	35	37	2	32	37	10699	11599	10001	10974	0	43300
5	43272	2	37	1495018	34.55	35	35	37	2	32	37	10512	11177	10283	11300	0	43300
6	43269	2	37	1486577	34.36	35	35	37	2	32	37	10741	10583	10573	11372	0	43300
7	43268	2	37	1485278	34.33	35	35	37	2	32	37	10969	10394	10826	11079	0	43300
8	43265	2	37	1483183	34.28	35	35	37	2	32	37	10867	11011	10502	10885	0	43300
9	43265	2	39	1543437	35.67	35	37	39	4	29	39	10658	11159	10221	11227	0	43300
10	43262	2	39	1541515	35.63	35	37	39	4	29	39	11019	11069	10193	10981	0	43300
11	43256	2	39	1540588	35.62	35	37	39	4	29	39	10879	11021	10176	11180	0	43300
12	43254	2	39	1538816	35.58	35	37	39	4	29	39	11052	10853	9844	11505	0	43300
13	43250	2	39	1540002	35.61	35	37	39	4	29	39	11117	10668	10181	11284	0	43300
14	43248	2	41	1582875	36.60	35	38	41	6	26	41	10805	10609	10334	11490	10	43300
15	43240	2	41	1579313	36.52	35	38	41	6	26	41	10745	10831	10113	11551	0	43300
16	43235	2	41	1578644	36.51	35	38	41	6	26	41	10934	10918	10208	11175	0	43300
17	43228	2	41	1577165	36.48	34	38	41	7	24	41	10612	11258	9876	11482	0	43300
18	43219	2	41	1572120	36.38	34	38	41	7	24	41	10648	10723	10268	11580	0	43300
19	43204	2	41	1574706	36.45	34	39	41	7	24	41	10949	10580	10275	11400	0	43300
20	43181	2	41	1569586	36.35	34	38	41	7	24	41	10746	10750	10439	11246	0	43300
21	43161	2	41	1565361	36.27	34	38	41	7	24	41	10900	10795	9985	11481	0	43300
22	43133	2	41	1562050	36.21	34	38	41	7	24	41	10681	10903	10125	11419	5	43300
23	43100	2	41	1557689	36.14	34	38	41	7	24	41	10399	10794	10328	11579	0	43300
24	43081	2	41	1551041	36.00	34	38	41	7	24	41	10747	10817	9990	11520	7	43300
25	43029	2	41	1543125	35.86	34	38	41	7	24	41	10872	10501	10235	11421	0	43300
26	42958	2	41	1526008	35.52	34	38	41	7	24	41	10730	10626	10293	11309	0	43300
27	42878	2	41	1516087	35.36	34	38	41	7	24	41	10554	10597	10451	11272	4	43300
28	42798	2	41	1508996	35.26	33	38	41	8	21	41	10141	10807	10392	11458	0	43300
29	42724	2	41	1500249	35.11	33	38	41	8	21	41	10496	10515	10175	11524	14	43300
30	42633	2	41	1491473	34.98	33	38	41	8	21	41	10524	10221	10627	11261	0	43300
31	42536	2	41	1477978	34.75	33	38	40	7	23	41	10511	10670	10274	11071	10	43300
32	42441	2	41	1473265	34.71	33	38	40	7	23	41	10576	10491	10083	11289	2	43300
33	42325	2	41	1463392	34.58	33	38	40	7	23	41	10718	10225	10076	11304	2	43300
34	42223	2	41	1455305	34.47	33	38	40	7	23	41	10600	10399	10171	11053	0	43300
35	42118	2	41	1445617	34.32	33	38	40	7	23	41	10198	10763	10278	10877	2	43300
36	42019	2	41	1436307	34.18	32	38	40	8	20	41	10289	10683	10023	11024	0	43300
37	41892	2	41	1426884	34.06	32	38	40	8	20	41	10657	10095	10060	11080	0	43300
38	41747	2	41	1417533	33.96	32	38	40	8	20	41	10673	10213	10112	10743	6	43300
39	41619	2	41	1405010	33.76	31	37	40	9	18	41	10322	10481	10114	10695	7	43300
40	41497	2	41	1395174	33.62	31	37	40	9	18	41	10048	10732	9728	10986	3	43300
41	41340	2	41	1387428	33.56	31	37	40	9	18	41	10109	10340	9991	10889	11	43300
42	41188	2	41	1376925	33.43	31	37	40	9	18	41	10413	9815	10031	10910	19	43300
43	41007	2	41	1360409	33.18	31	37	40	9	18	41	10305	9943	9994	10762	3	43300
44	40841	2	41	1351701	33.10	31	37	40	9	18	41	10259	10413	9653	10513	3	43300
45	40661	2	41	1340018	32.96	30	37	40	10	15	41	10017	10255	9683	10706	0	43300
46	40518	2	41	1329498	32.81	30	37	40	10	15	41	9982	10036	9840	10660	0	43300
47	40337	2	41	1317180	32.65	30	37	40	10	15	41	10079	9934	9728	10596	0	43300
48	40161	2	41	1303055	32.45	30	36	40	10	15	41	9683	10101	9772	10601	4	43300
49	39976	2	41	1289620	32.26	30	36	40	10	15	41	10017	9988	9393	10574	4	43300
50	39774	2	41	1275458	32.07	30	36	40	10	15	41	9920	9671	9672	10506	5	43300
51	39582	2	41	1262840	31.90	30	36	40	10	15	41	9732	9769	9501	10580	0	43300
52	39395	2	41	1251024	31.76	30	36	40	10	15	41	9802	9889	9285	10419	0	43300
53	39172	2	41	1239054	31.63	29	35	40	11	13	41	9750	9988	9422	10012	0	43300
54	38973	2	41	1221903	31.35	28	35	40	12	10	41	9591	9441	9642	10299	0	43300
55	38758	2	41	1208636	31.18	28	35	40	12	10	41	9594	9402	9615	10147	0	43300
56	38571	2	41	1197811	31.05	28	35	39	11	12	41	9740	9522	9277	10032	0	43300
57	38344	2	41	1183043	30.85	28	35	39	11	12	41	9501	9615	9066	10162	0	43300
58	38122	2	41	1169760	30.68	28	35	39	11	12	41	9443	9642	9230	9807	0	43300
59	37874	2	41	1157114	30.55	28	35	39	11	12	41	9120	9662	9350	9742	0	43300
60	37634	2	41	1143498	30.38	28	35	39	11	12	41	9334	9426	8786	10088	0	43300
61	37389	2	41	1130298	30.23	28	35	39	11	12	41	9364	9249	8758	10017	1	43300
62	37152	2	41	1117988	30.09	28	35	39	11	12	41	9343	9173	8862	9774	0	43300
63	36879	2	41	1103209	29.91	28	35	38	10	13	41	9167	9204	8870	9634	4	43300
64	36558	2	41	1089100	29.79	28	35	38	10	13	41	9301	9136	8723	9398	0	43300
65	36279	2	41	1074815	29.63	27	35	38	11	11	41	9436	8713	8651	9479	0	43300
66	35954	2	41	1060105	29.49	27	34	38	11	11	41	9105	8719	8768	9362	0	43300
67	35630	2	41	1045040	29.33	26	34	37	11	10	41	9111	8638	8590	9291	0	43300
68	35279	2	41	1029871	29.19	26	34	37	11	10	41	8659	8699	8757	9159	5	43300
69	34933	2	41	1014701	29.05	26	34	37	11	10	41	8996	8536	8248	9152	1	43300
70	34544	2	41	997987	28.89	26	34	37	11	10	41	8663	8564	8459	8858	0	43300
71	34122	2	41	982825	28.80	26	34	36	10	11	41	8504	8870	8121	8624	3	43300
72	33706	2	41	968455	28.73	26	34	36	10	11	41	8372	8349	7804	9181	0	43300
73	33279	2	41	952935	28.63	26	34	36	10	11	41	8417	8062	7953	8843	4	43300
74	32806	2	41	935805	28.53	26	34	36	10	11	41	8446	7812	7931	8617	0	43300
75	32307	2	41	916339	28.36	26	34	36	10	11	41	8143	8030	7463	8671	0	43300
76	31665	2	41	894929	28.26	26	34	35	9	13	41	7896	7979	7435	8355	0	43300
77	30674	2	41	861435	28.08	26	34	35	9	13	41	7498	7559	7436	8181	0	43300
78	29516	2	41	824255	27.93	26	34	35	9	13	41	7477	7060	7105	7874	0	43300
79	28366	2	41	787131	27.75	26	34	35	9	13	41	7103	6977	6914	7368	4	43300
80	27189	2	41	750665	27.61	26	34	35	9	13	41	6649	6972	6421	7140	7	43300
81	26002	2	41	715818	27.53	26	33	35	9	13	41	6400	6467	6037	7097	1	43300
82	24740	2	41	679918	27.48	26	33	35	9	13	41	6246	5897	6006	6590	1	43300
83	23464	2	41	642559	27.38	26	33	35	9	13	41	5884	5677	5660	6241	2	43300
84	22130	2	41	602940	27.25	25	33	35	10	10	41	5433	5793	5116	5785	3	43300
85	20693	2	41	560122	27.07	25	33	35	10	10	41	5345	5108	4664	5576	0	43300
86	19164	2	41	517004	26.98	25	33	35	10	10	41	4607	4534	4730	5293	0	43300
87	17518	2	41	473069	27.00	25	33	35	10	10	41	4489	4155	4046	4828	0	43300
88	15744	2	41	425174	27.01	25	33	35	10	10	41	4069	3831	3632	4208	4	43300
89	13861	2	41	374726	27.03	25	33	35	10	10	41	3468	3511	3280	3602	0	43300
90	11712	2	41	318522	27.20	25	34	35	10	10	41	2890	2699	2858	3264	1	43300
91	9432	2	41	258627	27.42	26	34	35	9	13	41	2285	2198	2162	2782	5	43300
92	6989	2	41	194284	27.80	27	34	35	8	15	41	1817	1539	1476	2157	0	43300
93	4214	2	41	119450	28.35	29	34	35	6	20	41	1177	936	933	1168	0	43300
94	851	2	39	26996	31.72	32	35	35	3	28	39	242	177	181	251	0	43300
95	851	2	39	26988	31.71	33	35	35	2	30	38	218	199	195	239	0	43300
96	851	2	39	26826	31.52	32	35	35	3	28	39	248	205	173	225	0	43300
97	851	2	39	26808	31.50	32	35	35	3	28	39	234	179	194	244	0	43300
98	851	2	39	26839	31.54	32	35	35	3	28	39	227	205	182	237	0	43300
99	851	2	39	26777	31.47	32	35	35	3	28	39	206	192	197	256	0	43300
100	851	2	39	26694	31.37	32	35	35	3	28	39	253	189	185	224	0	43300
101	851	2	37	25985	30.53	31	34	35	4	25	37	219	210	184	238	0	43300
