column	count	min	max	sum	mean	Q1	med	Q3	IQR	lW	rW	A_Count	C_Count	G_Count	T_Count	N_Count	Max_count
1	59654938	2	34	1798500538	30.15	31	34	34	3	27	34	17797075	13383031	10335765	18003701	135366	59654938
2	59654258	2	34	1802650402	30.22	31	34	34	3	27	34	19052488	11356103	12552135	16638143	55389	59654938
3	59653476	2	34	1803789644	30.24	31	34	34	3	27	34	18295185	12364339	12496747	16427774	69431	59654938
4	59652745	2	37	1996359237	33.47	35	37	37	2	32	37	16934256	12988639	12582745	17071297	75808	59654938
5	59651746	2	37	1990396329	33.37	35	37	37	2	32	37	16719090	12700015	13174536	16987294	70811	59654938
6	59650682	2	37	1992797546	33.41	35	37	37	2	32	37	16838655	13015790	13234629	16521168	40440	59654938
7	59649153	2	37	1989764872	33.36	35	37	37	2	32	37	16547068	12473396	13789338	16806858	32493	59654938
8	59647978	2	37	1989292052	33.35	35	37	37	2	32	37	16946417	12709215	13011902	16940099	40345	59654938
9	59646498	2	39	2082478691	34.91	37	39	39	2	34	39	16931614	12660181	12803119	17210745	40839	59654938
10	59645070	2	39	2080245801	34.88	37	39	39	2	34	39	17262784	12734402	12828148	16770909	48827	59654938
11	59643368	2	39	2078280296	34.85	37	39	39	2	34	39	17054721	12979415	12493097	17083137	32998	59654938
12	59641643	2	39	2078694985	34.85	37	39	39	2	34	39	16982105	12777276	12537766	17291704	52792	59654938
13	59639755	2	39	2074944241	34.79	37	39	39	2	34	39	17105331	12577406	12774600	17142553	39865	59654938
14	59637822	2	41	2149387255	36.04	37	40	41	4	31	41	17129077	12637977	12927625	16907995	35148	59654938
15	59635120	2	41	2151591760	36.08	37	40	41	4	31	41	17246273	12750229	12576026	17027644	34948	59654938
16	59632876	2	41	2151174313	36.07	38	40	41	3	34	41	17030484	12712346	12806071	17040484	43491	59654938
17	59630162	2	41	2151658795	36.08	38	40	41	3	34	41	16867715	12765586	12782041	17172098	42722	59654938
18	59627633	2	41	2148623959	36.03	38	40	41	3	34	41	16878980	12842960	12585741	17280835	39117	59654938
19	59624870	2	41	2152069048	36.09	38	40	41	3	34	41	16906962	12980622	12721277	16982189	33820	59654938
20	59621952	2	41	2149238497	36.05	38	40	41	3	34	41	17141206	12819208	12762320	16861815	37403	59654938
21	59619111	2	41	2145859976	35.99	37	40	41	4	31	41	16933183	12754919	12908083	16975793	47133	59654938
22	59616420	2	41	2144113890	35.97	38	40	41	3	34	41	16919826	12816822	12758814	17010866	110092	59654938
23	59613639	2	41	2137154650	35.85	37	40	41	4	31	41	16860249	12950661	12635123	16940338	227268	59654938
24	59611014	2	41	2139987348	35.90	37	40	41	4	31	41	16752213	12896215	12945223	16991202	26161	59654938
25	59608354	2	41	2139678227	35.90	37	40	41	4	31	41	16850226	12763056	12842879	17119315	32878	59654938
26	59606159	2	41	2140163861	35.91	37	40	41	4	31	41	16865719	12816267	12908224	16994239	21710	59654938
27	59603595	2	41	2140027979	35.90	37	40	41	4	31	41	16813209	12901378	12868847	16998417	21744	59654938
28	59601568	2	41	2136970141	35.85	37	40	41	4	31	41	16825928	12903231	12917681	16925241	29487	59654938
29	59599477	2	41	2131915943	35.77	37	40	41	4	31	41	16839636	13070070	12871280	16790906	27585	59654938
30	59597737	2	41	2130221157	35.74	37	40	41	4	31	41	16813152	12974275	12737877	17045357	27076	59654938
31	59595725	2	41	2122009775	35.61	37	40	41	4	31	41	16774169	12937935	12763931	16854971	264719	59654938
32	59594057	2	41	2121709245	35.60	37	40	41	4	31	41	16837793	12924005	12798583	16899689	133987	59654938
33	59592410	2	41	2117231425	35.53	37	40	41	4	31	41	16802299	12788086	12771632	17086398	143995	59654938
34	59590937	2	41	2113418042	35.47	37	40	41	4	31	41	16826325	13024741	12826140	16704420	209311	59654938
35	59589421	2	41	2102859806	35.29	36	40	41	5	29	41	16799008	13091778	12834236	16573492	290907	59654938
36	59588145	2	41	2101560944	35.27	36	40	41	5	29	41	16763511	12831717	13008193	16689584	295140	59654938
37	59586795	2	41	2102461807	35.28	36	40	41	5	29	41	17041432	12822368	12936719	16744165	42111	59654938
38	59585543	2	41	2105257597	35.33	36	40	41	5	29	41	16904489	12897896	12838370	16924746	20042	59654938
39	59584372	2	41	2107055848	35.36	36	40	41	5	29	41	16694275	13110918	12909567	16848786	20826	59654938
40	59583346	2	41	2107507006	35.37	36	40	41	5	29	41	16939038	13020189	12971744	16622208	30167	59654938
41	59582308	2	41	2099737454	35.24	36	40	41	5	29	41	16926976	12852552	12918383	16847547	36850	59654938
42	59581389	2	41	2095783713	35.18	36	40	41	5	29	41	16901905	12955862	12937491	16754855	31276	59654938
43	59580482	2	41	2092374418	35.12	36	40	41	5	29	41	16890277	12948889	12925967	16785310	30039	59654938
44	59579685	2	41	2088409950	35.05	36	40	41	5	29	41	16899785	12922564	12920364	16798989	37983	59654938
45	59578804	2	41	2079962780	34.91	35	40	41	6	26	41	16835896	12910069	12881983	16777535	173321	59654938
46	59578028	2	41	2074194994	34.81	35	40	41	6	26	41	16829287	12898840	12893326	16743001	213574	59654938
47	59577207	2	41	2073235402	34.80	35	40	41	6	26	41	16884671	12931163	12961274	16790303	9796	59654938
48	59576451	2	41	2067646774	34.71	35	40	41	6	26	41	16824630	12967424	12892630	16758610	133157	59654938
49	59575701	2	41	2064957085	34.66	35	40	41	6	26	41	16841428	12946429	12909979	16743823	134042	59654938
50	59575029	2	41	2060729974	34.59	35	40	41	6	26	41	16845237	12917922	12940064	16742768	129038	59654938
51	59574351	2	41	2054308358	34.48	35	40	41	6	26	41	16803828	12949626	12902679	16751697	166521	59654938
52	59573668	2	41	2050822631	34.42	35	39	41	6	26	41	16865891	12970493	12923563	16787140	26581	59654938
53	59572971	2	41	2047255736	34.37	35	39	41	6	26	41	16890767	12937639	12929171	16782896	32498	59654938
54	59572310	2	41	2042949477	34.29	35	39	41	6	26	41	16853005	12966087	12914222	16807624	31372	59654938
55	59571714	2	41	2038035069	34.21	35	39	41	6	26	41	16862187	12959667	12938345	16772318	39197	59654938
56	59571135	2	41	2032476483	34.12	35	39	41	6	26	41	16887217	12928193	12947297	16776910	31518	59654938
57	59570555	2	41	2026291108	34.01	34	39	41	7	24	41	16843216	12973340	12937132	16781369	35498	59654938
58	59570017	2	41	2019088573	33.89	34	39	41	7	24	41	16852597	12968251	12950258	16769460	29451	59654938
59	59569457	2	41	2012850733	33.79	34	38	41	7	24	41	16875255	12950063	12955020	16766542	22577	59654938
60	59568900	2	41	2006291078	33.68	34	38	41	7	24	41	16838811	12988962	12931975	16776712	32440	59654938
61	59568390	2	41	1999054146	33.56	34	38	41	7	24	41	16842235	12975026	12931434	16788846	30849	59654938
62	59567846	2	41	1990855227	33.42	34	38	40	6	25	41	16852495	12955313	12933005	16793586	33447	59654938
63	59567282	2	41	1982463892	33.28	34	37	40	6	25	41	16843774	12975448	12910352	16802626	35082	59654938
64	59566721	2	41	1974942911	33.16	34	37	40	6	25	41	16868819	12963407	12918631	16782732	33132	59654938
65	59566136	2	41	1966420798	33.01	34	37	40	6	25	41	16883079	12936115	12938957	16770555	37430	59654938
66	59565589	2	41	1954363375	32.81	33	37	40	7	23	41	16846136	12923361	12995753	16769368	30971	59654938
67	59565037	2	41	1946712135	32.68	33	36	40	7	23	41	16854560	12959812	12947997	16770816	31852	59654938
68	59564447	2	41	1939090744	32.55	33	36	39	6	24	41	16854241	12962395	12958229	16760361	29221	59654938
69	59563823	2	41	1929781584	32.40	33	36	39	6	24	41	16832533	12983603	12935637	16772998	39052	59654938
70	59563225	2	41	1920381099	32.24	33	36	39	6	24	41	16846340	12969067	12948983	16759368	39467	59654938
71	59562678	2	41	1911848709	32.10	33	35	39	6	24	41	16846190	12960099	12952682	16765625	38082	59654938
72	59562161	2	41	1902083335	31.93	33	35	39	6	24	41	16820912	12997995	12928410	16781076	33768	59654938
73	59561618	2	41	1892657804	31.78	33	35	38	5	26	41	16855117	12976473	12932633	16774436	22959	59654938
74	59561093	2	41	1882770785	31.61	33	35	38	5	26	41	16880073	12919831	12952389	16774467	34333	59654938
75	59560621	2	41	1873617361	31.46	33	35	37	4	27	41	16851029	12969103	12926478	16788360	25651	59654938
76	59560243	2	41	1865161496	31.32	32	35	37	5	25	41	16854567	12960194	12932452	16779711	33319	59654938
77	59560180	2	41	1855982419	31.16	32	35	37	5	25	41	16870150	12937061	12959578	16765390	28001	59654938
78	59560146	2	41	1846980912	31.01	32	35	37	5	25	41	16855406	12957143	12941827	16783760	22010	59654938
79	59560123	2	41	1838855495	30.87	32	35	36	4	26	41	16835562	12969588	12961902	16760847	32224	59654938
80	59560100	2	41	1830813397	30.74	32	35	36	4	26	41	16842059	12985977	12947981	16753038	31045	59654938
81	59560071	2	41	1822231621	30.59	32	35	36	4	26	41	16835102	12992365	12926612	16780696	25296	59654938
82	59560045	2	41	1814518019	30.47	32	35	36	4	26	41	16847764	12972180	12948547	16761531	30023	59654938
83	59560031	2	41	1807088310	30.34	32	35	36	4	26	41	16859834	12947854	12951063	16768113	33167	59654938
84	59560007	2	41	1799981363	30.22	32	35	36	4	26	41	16843090	12975157	12917452	16786592	37716	59654938
85	59559986	2	41	1792841009	30.10	32	35	35	3	28	39	16861397	12969684	12922894	16781817	24194	59654938
86	59559986	2	41	1786729853	30.00	32	35	35	3	28	39	16874107	12937518	12940405	16772210	35746	59654938
87	59559986	2	41	1780438675	29.89	32	35	35	3	28	39	16846217	12967623	12949614	16763997	32535	59654938
88	59559986	2	41	1775037409	29.80	31	35	35	4	25	41	16839602	12977469	12949850	16759829	33236	59654938
89	59559986	2	41	1769842351	29.72	31	35	35	4	25	41	16852724	12958807	12960289	16751807	36359	59654938
90	59559986	2	41	1764578681	29.63	31	35	35	4	25	41	16833728	12991378	12951996	16748226	34658	59654938
91	59559986	2	41	1759919400	29.55	31	35	35	4	25	41	16831708	12978103	12961694	16761800	26681	59654938
92	59559986	2	41	1754783886	29.46	31	35	35	4	25	41	16842177	12963066	12960539	16758617	35587	59654938
93	59559986	2	41	1747673892	29.34	31	35	35	4	25	41	16833571	12960159	12993277	16743594	29385	59654938
94	59559986	2	41	1743918205	29.28	31	35	35	4	25	41	16848410	12974625	12941591	16768002	27358	59654938
95	59559986	2	41	1739655544	29.21	31	35	35	4	25	41	16870586	12945889	12956623	16753950	32938	59654938
96	59559986	2	41	1735187229	29.13	31	35	35	4	25	41	16843863	12958508	12948064	16777743	31808	59654938
97	59559986	2	41	1729707199	29.04	31	35	35	4	25	41	16865593	12959009	12947094	16759499	28791	59654938
98	59559986	2	41	1724362791	28.95	31	35	35	4	25	41	16869380	12952789	12961163	16741146	35508	59654938
99	59559986	2	41	1718289277	28.85	31	35	35	4	25	41	16821184	12987481	12961450	16756816	33055	59654938
100	59559986	2	41	1711336870	28.73	31	35	35	4	25	41	16842513	12987805	12959870	16739794	30004	59654938
101	59559986	2	41	1630409724	27.37	27	34	35	8	15	41	16822264	13031596	13073584	16600136	32406	59654938
