column	count	min	max	sum	mean	Q1	med	Q3	IQR	lW	rW	A_Count	C_Count	G_Count	T_Count	N_Count	Max_count
1	27313257	2	34	878406536	32.16	33	33	34	1	32	34	8452539	5787551	4805658	8266319	1190	27313257
2	27313250	2	34	882958576	32.33	33	33	34	1	32	34	8625208	5067214	5677195	7941623	2010	27313257
3	27313240	2	34	884877715	32.40	33	33	34	1	32	34	8324541	5481245	5610551	7893252	3651	27313257
4	27313228	2	34	882355517	32.31	33	33	34	1	32	34	7819631	5728689	5786597	7974651	3660	27313257
5	27313210	2	34	883186873	32.34	33	33	34	1	32	34	7780973	5598339	5921797	8009286	2815	27313257
6	27313205	2	38	992180090	36.33	38	38	38	0	38	38	7830349	5830126	5941281	7709050	2399	27313257
7	27313204	2	38	992585978	36.34	38	38	38	0	38	38	7758822	5624528	6079894	7847686	2274	27313257
8	27313201	2	38	992667930	36.34	38	38	38	0	38	38	7850900	5777396	5841049	7841394	2462	27313257
9	27313193	2	38	992878575	36.35	38	38	38	0	38	38	7724875	5834377	5743120	8009051	1770	27313257
10	27313177	2	38	992928234	36.35	38	38	38	0	38	38	7825664	5830835	5796546	7858118	2014	27313257
11	27313158	2	38	992993308	36.36	38	38	38	0	38	38	7831264	5825304	5753306	7901402	1882	27313257
12	27313135	2	38	993018746	36.36	38	38	38	0	38	38	7893900	5817340	5719049	7880613	2233	27313257
13	27313120	2	38	993695869	36.38	38	38	38	0	38	38	7900739	5752851	5733847	7923666	2017	27313257
14	27313097	2	38	993897911	36.39	38	38	38	0	38	38	7915710	5738448	5724989	7931757	2193	27313257
15	27313065	2	38	993879476	36.39	38	38	38	0	38	38	7879384	5799286	5708629	7923679	2087	27313257
16	27313038	2	38	994043307	36.39	38	38	38	0	38	38	7853095	5752162	5767435	7938190	2156	27313257
17	27313002	2	38	994122337	36.40	38	38	38	0	38	38	7872614	5763252	5754122	7920946	2068	27313257
18	27312964	2	38	993705467	36.38	38	38	38	0	38	38	7852010	5822260	5741256	7895649	1789	27313257
19	27312923	2	38	993954530	36.39	38	38	38	0	38	38	7859730	5775588	5761752	7914238	1615	27313257
20	27312894	2	38	993733493	36.38	38	38	38	0	38	38	7857551	5791901	5771899	7889509	2034	27313257
21	27312856	2	38	993715446	36.38	38	38	38	0	38	38	7841104	5823548	5754522	7891085	2597	27313257
22	27312813	2	38	993647383	36.38	38	38	38	0	38	38	7845413	5811318	5751349	7902519	2214	27313257
23	27312764	2	38	993982711	36.39	38	38	38	0	38	38	7842976	5806856	5763496	7897578	1858	27313257
24	27312714	2	38	993717708	36.38	38	38	38	0	38	38	7831532	5828802	5771589	7878204	2587	27313257
25	27312669	2	38	993668146	36.38	38	38	38	0	38	38	7836514	5821011	5783187	7869613	2344	27313257
26	27312627	2	38	993528126	36.38	38	38	38	0	38	38	7845097	5808044	5792576	7864380	2530	27313257
27	27312582	2	38	993650303	36.38	38	38	38	0	38	38	7805136	5841918	5804461	7858782	2285	27313257
28	27312530	2	38	993387148	36.37	38	38	38	0	38	38	7821746	5833669	5803949	7850240	2926	27313257
29	27312473	2	38	993546897	36.38	38	38	38	0	38	38	7825480	5833284	5799205	7852444	2060	27313257
30	27312416	2	38	993820294	36.39	38	38	38	0	38	38	7803112	5847265	5811130	7848481	2428	27313257
31	27312363	2	38	993619929	36.38	38	38	38	0	38	38	7822207	5836387	5805054	7845799	2916	27313257
32	27312304	2	38	993496660	36.38	38	38	38	0	38	38	7835266	5831662	5794988	7848011	2377	27313257
33	27312262	2	38	993404467	36.37	38	38	38	0	38	38	7824571	5841979	5798070	7844873	2769	27313257
34	27312214	2	38	993239014	36.37	38	38	38	0	38	38	7832132	5826253	5816823	7834102	2904	27313257
35	27312166	2	38	993341748	36.37	38	38	38	0	38	38	7844424	5826949	5818324	7819983	2486	27313257
36	27312124	2	38	992907261	36.35	38	38	38	0	38	38	7834147	5846014	5803354	7825631	2978	27313257
37	27312066	2	38	993051251	36.36	38	38	38	0	38	38	7840571	5829885	5817124	7821864	2622	27313257
38	27312017	2	38	992824331	36.35	38	38	38	0	38	38	7836500	5828985	5833420	7810886	2226	27313257
39	27311975	2	38	992636564	36.34	38	38	38	0	38	38	7808872	5855088	5827208	7818159	2648	27313257
40	27311923	2	38	992517496	36.34	38	38	38	0	38	38	7814737	5853887	5824638	7815597	3064	27313257
41	27311868	2	38	992244120	36.33	38	38	38	0	38	38	7824211	5837633	5820728	7825563	3733	27313257
42	27311827	2	38	992173824	36.33	38	38	38	0	38	38	7809819	5857527	5822951	7819320	2210	27313257
43	27311773	2	38	990646042	36.27	38	38	38	0	38	38	7827763	5846913	5816427	7819966	704	27313257
44	27311729	2	38	991384575	36.30	38	38	38	0	38	38	7823239	5841295	5824540	7820800	1855	27313257
45	27311670	2	38	991551781	36.31	38	38	38	0	38	38	7812558	5855969	5827564	7812334	3245	27313257
46	27311612	2	38	991382763	36.30	38	38	38	0	38	38	7823450	5843892	5825399	7816295	2576	27313257
47	27311551	2	38	991002463	36.29	38	38	38	0	38	38	7819108	5838083	5839870	7810463	4027	27313257
48	27311491	2	38	990689869	36.27	38	38	38	0	38	38	7805163	5874801	5826889	7802080	2558	27313257
49	27311440	2	38	990894831	36.28	38	38	38	0	38	38	7819838	5851516	5833092	7804021	2973	27313257
50	27311391	2	38	970968996	35.55	37	38	38	1	36	38	7821885	5845038	5842847	7796141	5480	27313257
51	27311341	14	38	982225846	35.96	37	38	38	1	36	38	7809237	5860333	5832814	7808957	0	27313257
52	27311280	14	38	986168984	36.11	38	38	38	0	38	38	7819060	5856281	5833758	7802181	0	27313257
53	27311222	2	38	985413881	36.08	38	38	38	0	38	38	7808299	5822207	5814811	7777998	87907	27313257
54	27311175	2	38	986565058	36.12	38	38	38	0	38	38	7801256	5844679	5818916	7796566	49758	27313257
55	27311099	2	38	986429834	36.12	38	38	38	0	38	38	7811397	5841077	5826088	7781561	50976	27313257
56	27311034	2	38	986990207	36.14	38	38	38	0	38	38	7808842	5831080	5831010	7786936	53166	27313257
57	27310964	2	38	984399263	36.04	38	38	38	0	38	38	7776220	5841128	5814201	7777536	101879	27313257
58	27310908	2	38	985222555	36.07	38	38	38	0	38	38	7791459	5834903	5827043	7776085	81418	27313257
59	27310821	2	38	986045427	36.10	38	38	38	0	38	38	7812087	5840571	5836401	7790552	31210	27313257
60	27310765	2	38	986376242	36.12	38	38	38	0	38	38	7794958	5866723	5827519	7789811	31754	27313257
61	27310682	2	38	985180126	36.07	38	38	38	0	38	38	7807160	5849402	5828184	7791898	34038	27313257
62	27310612	2	38	986056553	36.11	38	38	38	0	38	38	7808901	5839238	5827617	7798795	36061	27313257
63	27310533	2	38	985245666	36.08	38	38	38	0	38	38	7798512	5860520	5821766	7793502	36233	27313257
64	27310445	2	38	985138928	36.07	38	38	38	0	38	38	7803208	5850142	5829167	7789018	38910	27313257
65	27310360	2	38	984211261	36.04	38	38	38	0	38	38	7815446	5834935	5835176	7788137	36666	27313257
66	27310271	2	38	984410225	36.05	38	38	38	0	38	38	7799082	5849784	5838519	7787527	35359	27313257
67	27310191	2	38	983628013	36.02	38	38	38	0	38	38	7805681	5846950	5838834	7783577	35149	27313257
68	27310105	2	38	983700799	36.02	38	38	38	0	38	38	7811325	5841457	5835799	7785350	36174	27313257
69	27309988	2	38	982715399	35.98	38	38	38	0	38	38	7795927	5858027	5832617	7787094	36323	27313257
70	27309881	2	38	982905656	35.99	38	38	38	0	38	38	7802800	5845063	5837403	7784967	39648	27313257
71	27309780	2	38	982082956	35.96	38	38	38	0	38	38	7808429	5839779	5832776	7790430	38366	27313257
72	27309676	2	38	982425738	35.97	38	38	38	0	38	38	7785800	5861019	5830899	7792806	39152	27313257
73	27309568	2	38	981143820	35.93	38	38	38	0	38	38	7801453	5847914	5827106	7793201	39894	27313257
74	27309446	2	38	981216717	35.93	38	38	38	0	38	38	7806347	5832092	5835346	7797696	37965	27313257
75	27309310	2	38	980550352	35.91	37	38	38	1	36	38	7795794	5855908	5826376	7792418	38814	27313257
76	27309181	2	38	980596900	35.91	38	38	38	0	38	38	7803054	5843488	5835147	7789551	37941	27313257
77	27309052	2	38	979526940	35.87	37	38	38	1	36	38	7806550	5839204	5839531	7786036	37731	27313257
78	27308884	2	38	979488535	35.87	37	38	38	1	36	38	7801659	5846220	5837037	7784960	39008	27313257
79	27308745	2	38	978443210	35.83	37	38	38	1	36	38	7798119	5846555	5839363	7786321	38387	27313257
80	27308586	2	38	978410607	35.83	37	38	38	1	36	38	7796182	5851301	5836544	7784327	40232	27313257
81	27308420	2	38	977876053	35.81	37	38	38	1	36	38	7790893	5861442	5828715	7789236	38134	27313257
82	27308243	2	38	977815961	35.81	37	38	38	1	36	38	7799328	5851101	5839517	7783000	35297	27313257
83	27308047	2	38	976962954	35.78	37	38	38	1	36	38	7808801	5843178	5837958	7782727	35383	27313257
84	27307859	2	38	977262891	35.79	37	38	38	1	36	38	7797393	5860570	5822807	7792998	34091	27313257
85	27307654	2	38	975969869	35.74	37	38	38	1	36	38	7801321	5852508	5828749	7790996	34080	27313257
86	27307431	2	38	976062332	35.74	37	38	38	1	36	38	7812454	5834187	5839845	7789044	31901	27313257
87	27307204	2	38	974944435	35.70	37	38	38	1	36	38	7798877	5855332	5839002	7782723	31270	27313257
88	27306970	2	38	974999076	35.71	37	38	38	1	36	38	7800028	5850641	5834678	7789244	32379	27313257
89	27306721	2	38	973635621	35.66	37	38	38	1	36	38	7805830	5840704	5838542	7789179	32466	27313257
90	27306436	2	38	973925051	35.67	37	38	38	1	36	38	7789328	5859864	5835754	7788779	32711	27313257
91	27306137	2	38	972656734	35.62	37	38	38	1	36	38	7798697	5845754	5840976	7786872	33838	27313257
92	27305846	2	38	972595764	35.62	37	38	38	1	36	38	7804387	5846248	5837866	7785364	31981	27313257
93	27305502	2	38	971722421	35.59	37	38	38	1	36	38	7797883	5858122	5828208	7790323	30966	27313257
94	27305190	2	38	972010805	35.60	37	38	38	1	36	38	7801166	5847099	5832417	7793913	30595	27313257
95	27304864	2	38	970656030	35.55	37	38	38	1	36	38	7810866	5834387	5836027	7792592	30992	27313257
96	27304574	2	38	970750875	35.55	37	38	38	1	36	38	7798989	5849012	5834648	7791826	30099	27313257
97	27304555	2	38	968627152	35.47	37	38	38	1	36	38	7809395	5842296	5835027	7785271	32566	27313257
98	27304544	2	38	968634778	35.48	37	38	38	1	36	38	7810458	5839248	5835696	7788158	30984	27313257
99	27304534	2	38	966844395	35.41	37	38	38	1	36	38	7789071	5854815	5837705	7792391	30552	27313257
100	27304523	2	38	967325780	35.43	37	38	38	1	36	38	7800425	5851698	5838215	7784499	29686	27313257
101	27304514	2	38	966194571	35.39	37	38	38	1	36	38	7805485	5840011	5838054	7790009	30955	27313257
102	27304507	2	38	966676300	35.40	37	38	38	1	36	38	7798154	5849638	5838463	7788179	30073	27313257
103	27304499	2	38	965063330	35.34	37	38	38	1	36	38	7805601	5845529	5834616	7787650	31103	27313257
104	27304491	2	38	965279632	35.35	37	38	38	1	36	38	7808835	5837739	5836503	7790888	30526	27313257
105	27304484	2	38	963940744	35.30	36	38	38	2	33	38	7801066	5852151	5829555	7790690	31022	27313257
106	27304477	2	38	964203290	35.31	36	38	38	2	33	38	7810357	5842225	5828978	7791381	31536	27313257
107	27304466	2	38	962422358	35.25	36	38	38	2	33	38	7810467	5839876	5838207	7783133	32783	27313257
108	27304460	2	38	961851014	35.23	36	38	38	2	33	38	7792218	5860270	5828473	7792371	31128	27313257
109	27304457	2	38	960044691	35.16	36	38	38	2	33	38	7803803	5843599	5830263	7797151	29641	27313257
110	27304454	2	38	960492629	35.18	36	38	38	2	33	38	7804663	5836708	5844128	7787900	31055	27313257
111	27304454	2	38	958323702	35.10	36	38	38	2	33	38	7793859	5855062	5836404	7788427	30702	27313257
112	27304454	2	38	958198437	35.09	36	38	38	2	33	38	7794126	5848356	5836397	7795100	30475	27313257
113	27304454	2	38	956215903	35.02	36	38	38	2	33	38	7805805	5840319	5836382	7790290	31658	27313257
114	27304454	2	38	956285182	35.02	36	38	38	2	33	38	7795847	5851486	5835840	7792941	28340	27313257
115	27304454	2	38	954116714	34.94	36	38	38	2	33	38	7803780	5842882	5833829	7792405	31558	27313257
116	27304454	2	38	954283674	34.95	36	38	38	2	33	38	7807649	5837925	5829847	7799115	29918	27313257
117	27304454	2	38	952320582	34.88	36	38	38	2	33	38	7796569	5850853	5827777	7798179	31076	27313257
118	27304454	2	38	951986296	34.87	36	38	38	2	33	38	7803487	5840303	5833361	7796878	30425	27313257
119	27304454	2	38	949999627	34.79	35	38	38	3	31	38	7802721	5831525	5843082	7796103	31023	27313257
120	27304454	2	38	949663488	34.78	35	38	38	3	31	38	7792403	5854718	5829202	7797359	30772	27313257
121	27304454	2	38	945458112	34.63	35	38	38	3	31	38	7792887	5831787	5819801	7778173	81806	27313257
122	27304454	2	38	941956682	34.50	35	38	38	3	31	38	7795810	5820016	5830841	7776288	81499	27313257
123	27304454	2	38	943124513	34.54	35	38	38	3	31	38	7796535	5850202	5834133	7794668	28916	27313257
124	27304454	2	38	943069270	34.54	35	38	38	3	31	38	7799947	5847034	5830226	7794873	32374	27313257
125	27304454	2	38	941392789	34.48	35	38	38	3	31	38	7800715	5837067	5838676	7793707	34289	27313257
126	27304454	2	38	845664720	30.97	26	35	38	12	8	38	7761284	5850593	5856549	7803382	32646	27313257
