column	count	min	max	sum	mean	Q1	med	Q3	IQR	lW	rW	A_Count	C_Count	G_Count	T_Count	N_Count	Max_count
1	82865	2	34	2250358	27.16	27	27	28	1	26	29	80456	258	1717	429	5	82865
2	82865	2	34	2190337	26.43	25	27	32	7	15	34	2753	611	770	78722	9	82865
3	82864	2	34	1610206	19.43	18	18	18	0	18	18	1090	52755	763	28246	10	82865
4	82864	2	34	1411646	17.04	15	15	15	0	15	15	1242	9271	64170	8171	10	82865
5	82864	2	34	1929875	23.29	15	27	27	12	2	34	805	932	79651	1466	10	82865
6	82864	2	38	1347726	16.26	14	14	16	2	11	19	33476	1036	46067	2275	10	82865
7	82864	2	38	1942755	23.45	15	26	28	13	2	38	79265	608	1972	1009	10	82865
8	82864	2	38	1379462	16.65	14	14	16	2	11	19	12573	646	68315	1320	10	82865
9	82864	2	38	1503941	18.15	14	16	26	12	2	38	74343	805	6531	1176	9	82865
10	82864	2	38	1538322	18.56	14	16	26	12	2	38	5307	567	75731	1250	9	82865
11	82864	2	38	1347669	16.26	15	15	16	1	14	17	3531	44809	32873	1642	9	82865
12	82864	2	38	1688068	20.37	14	16	28	14	2	38	940	2752	78022	1141	9	82865
13	82864	2	38	1426714	17.22	14	14	16	2	11	19	1740	1957	46660	32497	10	82865
14	82864	2	38	1456198	17.57	14	14	16	2	11	19	1554	70190	4570	6540	10	82865
15	82864	2	38	1567735	18.92	14	14	26	12	2	38	976	4734	75047	2097	10	82865
16	82864	2	38	1433128	17.29	14	14	16	2	11	19	1262	2080	27499	52014	9	82865
17	82864	2	38	1698802	20.50	14	16	27	13	2	38	849	780	76840	4386	9	82865
18	82864	2	38	1581570	19.09	14	15	25	11	2	38	1104	876	16822	64053	9	82865
19	82864	2	38	1384800	16.71	14	16	16	2	11	19	57854	1093	5475	18433	9	82865
20	82864	2	38	1534605	18.52	14	16	24	10	2	38	4874	706	74188	3087	9	82865
21	82861	2	38	2035775	24.57	16	27	28	12	2	38	944	605	80149	1153	10	82865
22	82861	2	38	2521106	30.43	27	34	36	9	14	38	738	640	80614	860	9	82865
23	82860	2	38	1322111	15.96	14	14	16	2	11	19	20404	932	60088	1427	9	82865
24	82823	2	38	1599236	19.31	14	15	25	11	2	38	77410	675	3803	925	10	82865
25	82823	2	38	2176180	26.28	24	28	33	9	11	38	80275	618	1144	777	9	82865
26	82823	2	38	1309412	15.81	14	15	15	1	13	16	34630	794	46236	1153	10	82865
27	82823	2	38	1544895	18.65	16	16	25	9	3	38	75497	726	5646	945	9	82865
28	82823	2	38	1461437	17.65	16	16	16	0	16	16	9519	661	71473	1160	10	82865
29	82823	2	38	1366693	16.50	15	15	16	1	14	17	5993	957	40214	35650	9	82865
30	82820	2	38	1517577	18.32	14	16	24	10	2	38	1504	739	76037	4531	9	82865
31	82820	2	38	1533131	18.51	14	16	25	11	2	38	1184	729	17270	63627	10	82865
32	82820	2	38	1378555	16.65	15	16	16	1	14	17	57470	957	5728	18656	9	82865
33	82820	2	38	1327672	16.03	14	15	16	2	11	19	17968	939	58977	4926	10	82865
34	82820	2	38	1424016	17.19	15	16	16	1	14	17	70798	994	9164	1854	10	82865
35	82820	2	38	1395530	16.85	16	16	16	0	16	16	24795	950	4267	52798	10	82865
36	82820	2	38	1486134	17.94	16	16	16	0	16	16	14035	25848	4448	38479	10	82865
37	82820	2	38	1802773	21.77	16	25	28	12	2	38	2276	3779	1779	74976	10	82865
38	82819	2	38	1474890	17.81	16	16	16	0	16	16	2313	53198	1949	25350	9	82865
39	82819	2	38	1465526	17.70	15	16	16	1	14	17	2078	15661	54900	10170	10	82865
40	82819	2	38	1868213	22.56	15	25	28	13	2	38	1167	1594	78289	1759	10	82865
41	82819	2	38	1387862	16.76	14	14	16	2	11	19	1792	1784	43998	35235	10	82865
42	82819	2	38	1543223	18.63	14	15	24	10	2	38	1236	1129	74769	5676	9	82865
43	82819	14	38	1977219	23.87	14	25	28	14	14	38	975	818	79542	1484	0	82865
44	82819	2	38	1336201	16.13	14	14	14	0	14	14	1646	1284	55142	24741	6	82865
45	82819	2	38	1303873	15.74	14	14	15	1	13	16	2550	25574	36847	17840	8	82865
46	82819	2	38	1547771	18.69	14	14	25	11	2	38	1332	3580	74922	2977	8	82865
47	82819	2	38	1286511	15.53	14	14	14	0	14	14	1664	42448	36510	2188	9	82865
48	82819	2	38	1548484	18.70	14	15	25	11	2	38	1352	74481	5707	1272	7	82865
49	82819	2	38	1345370	16.24	14	14	15	1	13	16	1195	13937	66389	1289	9	82865
50	82819	2	38	1293278	15.62	14	14	14	0	14	14	2146	7358	57493	15809	13	82865
51	82817	14	38	1363425	16.46	14	14	15	1	14	16	40067	5767	27897	9086	0	82865
52	82816	14	38	1463053	17.67	14	14	24	10	14	38	10725	2707	8673	60711	0	82865
53	82814	2	38	1431853	17.29	14	14	24	10	2	38	4749	52736	5278	19968	83	82865
54	82813	2	38	1493179	18.03	15	15	24	9	2	37	55941	19104	3350	4363	55	82865
55	82813	2	38	1482056	17.90	15	15	16	1	14	17	16880	5694	3647	56535	57	82865
56	82778	2	38	1894477	22.89	15	25	27	12	2	38	2293	1489	1992	76943	61	82865
57	82770	2	38	1404963	16.97	15	15	16	1	14	17	46939	2190	2308	31227	106	82865
58	82768	2	38	1756906	21.23	15	24	26	11	2	38	76623	1343	1658	3073	71	82865
59	82766	2	38	2143860	25.90	24	26	34	10	9	38	79189	969	1417	1158	33	82865
60	82765	2	38	2456233	29.68	25	34	36	11	9	38	79633	860	1334	903	35	82865
61	82763	2	38	2631037	31.79	28	35	38	10	13	38	79800	802	1226	894	41	82865
62	82750	2	38	2705644	32.70	31	36	38	7	21	38	79944	727	1191	844	44	82865
63	82726	2	38	2720358	32.88	32	38	38	6	23	38	79920	752	1286	728	40	82865
64	82723	2	38	2719299	32.87	32	38	38	6	23	38	79865	771	1260	781	46	82865
65	82718	2	38	2715120	32.82	31	38	38	7	21	38	80007	683	1266	722	40	82865
66	82718	2	38	2708959	32.75	31	38	38	7	21	38	79891	721	1290	778	38	82865
67	82718	2	38	2380139	28.77	24	33	38	14	3	38	77876	1310	2160	1333	39	82865
68	82716	2	38	1965556	23.76	14	25	32	18	2	38	74305	2209	3705	2453	44	82865
69	82713	2	38	1650917	19.96	14	15	25	11	2	38	69713	3393	6025	3539	43	82865
70	82710	2	38	1542349	18.65	14	15	25	11	2	38	66057	4335	7612	4659	47	82865
71	82707	2	38	1475818	17.84	14	14	24	10	2	38	61519	4987	10465	5693	43	82865
72	82706	2	38	1447650	17.50	14	14	24	10	2	38	58080	5728	11872	6982	44	82865
73	82705	2	38	1419782	17.17	14	14	24	10	2	38	53663	6542	14801	7657	42	82865
74	82701	2	38	1411775	17.07	14	14	21	7	4	31	51524	6973	15469	8692	43	82865
75	82698	2	38	1416870	17.13	14	14	16	2	11	19	50132	7283	16317	8921	45	82865
76	82694	2	38	1384806	16.75	14	14	15	1	13	16	47255	7590	18312	9494	43	82865
77	82690	2	38	1393721	16.85	14	14	15	1	13	16	47293	8063	17712	9579	43	82865
78	82687	2	38	1373628	16.61	14	14	15	1	13	16	44479	8655	18902	10608	43	82865
79	82684	2	38	1380511	16.70	14	14	15	1	13	16	42763	9469	19612	10796	44	82865
80	82681	2	38	1356222	16.40	13	14	15	2	10	18	40711	9467	20393	12065	45	82865
81	82677	2	38	1364305	16.50	13	14	15	2	10	18	39511	10579	20787	11758	42	82865
82	82674	2	38	1350248	16.33	13	14	15	2	10	18	37915	10119	22905	11696	39	82865
83	82666	2	38	1343747	16.26	13	14	15	2	10	18	36242	10224	24644	11516	40	82865
84	82664	2	38	1338002	16.19	13	14	15	2	10	18	34860	10303	24621	12841	39	82865
85	82660	2	38	1333986	16.14	13	14	15	2	10	18	33128	10803	26398	12293	38	82865
86	82658	2	38	1328700	16.07	13	14	15	2	10	18	32105	10559	27443	12516	35	82865
87	82653	2	38	1326916	16.05	13	14	15	2	10	18	31798	11110	26621	13089	35	82865
88	82650	2	38	1323312	16.01	13	14	15	2	10	18	30390	12182	27034	13009	35	82865
89	82648	2	38	1321875	15.99	13	14	15	2	10	18	29267	11893	28448	13006	34	82865
90	82646	2	38	1320162	15.97	13	14	15	2	10	18	28668	12680	28210	13052	36	82865
91	82644	2	38	1317037	15.94	13	14	14	1	12	15	28521	13440	27594	13053	36	82865
92	82642	2	38	1317801	15.95	13	14	15	2	10	18	27726	12868	28836	13175	37	82865
93	82641	2	38	1318585	15.96	13	14	15	2	10	18	27684	12882	28218	13825	32	82865
94	82638	2	38	1315582	15.92	13	14	14	1	12	15	28970	12830	27287	13519	32	82865
95	82634	2	38	1318113	15.95	13	14	14	1	12	15	28321	12764	27055	14461	33	82865
96	82632	2	38	1318222	15.95	13	14	14	1	12	15	27484	13820	26850	14447	31	82865
97	82628	2	38	1314993	15.91	13	14	14	1	12	15	28641	13635	26321	13997	34	82865
98	82626	2	38	1315720	15.92	13	14	14	1	12	15	28384	13378	25966	14867	31	82865
99	82623	2	38	1313462	15.90	13	14	14	1	12	15	28383	13344	25402	15460	34	82865
100	82617	2	38	1316528	15.94	13	14	14	1	12	15	30257	12958	24827	14543	32	82865
101	82614	2	38	1315904	15.93	13	14	14	1	12	15	31149	12895	24185	14353	32	82865
102	82612	2	38	1314287	15.91	13	14	14	1	12	15	31722	12723	24010	14124	33	82865
103	82611	2	38	1315246	15.92	13	14	14	1	12	15	32845	12791	23172	13770	33	82865
104	82610	2	38	1312620	15.89	13	14	14	1	12	15	33566	12621	23133	13257	33	82865
105	82610	2	38	1313200	15.90	13	14	14	1	12	15	34179	12712	22716	12969	34	82865
106	82610	2	38	1311751	15.88	13	14	14	1	12	15	34164	12638	22578	13195	35	82865
107	82607	2	38	1309390	15.85	13	14	14	1	12	15	34657	12618	22333	12963	36	82865
108	82604	2	38	1309999	15.86	13	14	14	1	12	15	35340	12492	22067	12670	35	82865
109	82602	2	38	1307603	15.83	13	14	14	1	12	15	35596	12533	21841	12600	32	82865
110	82598	2	38	1308020	15.84	13	14	14	1	12	15	34256	12916	22540	12853	33	82865
111	82598	2	38	1305268	15.80	13	14	14	1	12	15	34005	12946	22719	12893	35	82865
112	82598	2	38	1305018	15.80	13	14	14	1	12	15	33379	13051	22739	13396	33	82865
113	82598	2	38	1300762	15.75	13	14	14	1	12	15	32703	13242	23199	13421	33	82865
114	82598	2	38	1303185	15.78	13	14	14	1	12	15	32304	12996	23549	13720	29	82865
115	82598	2	38	1305165	15.80	13	14	14	1	12	15	32001	13367	23597	13601	32	82865
116	82598	2	38	1304166	15.79	13	14	14	1	12	15	32042	13465	23461	13600	30	82865
117	82598	2	38	1302332	15.77	13	14	14	1	12	15	31563	13828	23798	13376	33	82865
118	82598	2	38	1302161	15.77	13	14	14	1	12	15	31405	13739	23570	13852	32	82865
119	82598	2	38	1301268	15.75	13	14	14	1	12	15	31281	13857	23675	13750	35	82865
120	82598	2	38	1300612	15.75	13	14	14	1	12	15	31192	13715	23750	13908	33	82865
121	82598	2	38	1299030	15.73	13	14	14	1	12	15	30661	14031	23620	14217	69	82865
122	82598	2	38	1300636	15.75	13	14	14	1	12	15	30112	14321	23853	14239	73	82865
123	82598	2	38	1297056	15.70	13	14	14	1	12	15	30588	14075	24004	13899	32	82865
124	82598	2	38	1293030	15.65	13	14	14	1	12	15	30042	14414	23909	14199	34	82865
125	82598	2	38	1294352	15.67	13	14	14	1	12	15	30729	14088	23941	13799	41	82865
126	82598	2	38	1282555	15.53	13	14	14	1	12	15	34614	11350	24525	12071	38	82865
