column	count	min	max	sum	mean	Q1	med	Q3	IQR	lW	rW	A_Count	C_Count	G_Count	T_Count	N_Count	Max_count
1	28415481	2	34	925523365	32.57	33	34	34	1	32	34	8579030	6127396	5134896	8486767	87392	28415481
2	28415296	2	34	931066795	32.77	33	34	34	1	32	34	8632212	5453052	5868724	8461263	45	28415481
3	28415263	18	34	933653921	32.86	33	34	34	1	32	34	8472246	5814823	5759129	8369065	0	28415481
4	28415248	15	34	933030964	32.84	33	34	34	1	32	34	8087770	5942456	5964470	8420552	0	28415481
5	28415232	15	34	934509524	32.89	33	34	34	1	32	34	8036846	5865862	6184808	8327716	0	28415481
6	28415220	14	38	1053034818	37.06	38	38	38	0	38	38	8117610	6089901	6184832	8022877	0	28415481
7	28415216	2	38	1047337034	36.86	38	38	38	0	38	38	8077900	5901578	6309609	8126111	18	28415481
8	28415210	14	38	1051841822	37.02	38	38	38	0	38	38	8105267	6092638	6071920	8145385	0	28415481
9	28415198	2	38	1054135375	37.10	38	38	38	0	38	38	7983904	6144382	5986492	8300273	147	28415481
10	28415187	14	38	1054542028	37.11	38	38	38	0	38	38	8102800	6128837	6054132	8129418	0	28415481
11	28415162	2	38	1054478649	37.11	38	38	38	0	38	38	8100248	6124947	6014891	8174970	106	28415481
12	28415144	14	38	1053838533	37.09	38	38	38	0	38	38	8160780	6117007	5982955	8154402	0	28415481
13	28415130	14	38	1054496453	37.11	38	38	38	0	38	38	8184496	6057552	5995138	8177944	0	28415481
14	28415099	2	38	1054213069	37.10	38	38	38	0	38	38	8181241	6038790	5990961	8204105	2	28415481
15	28415069	14	38	1054634357	37.12	38	38	38	0	38	38	8147036	6103929	5988386	8175718	0	28415481
16	28415034	14	38	1053982661	37.09	38	38	38	0	38	38	8152896	6037738	6025186	8199214	0	28415481
17	28415002	14	38	1054577210	37.11	38	38	38	0	38	38	8140230	6063745	6013867	8197160	0	28415481
18	28414958	14	38	1054225641	37.10	38	38	38	0	38	38	8137464	6120673	6008337	8148484	0	28415481
19	28414924	2	38	1054666982	37.12	38	38	38	0	38	38	8138477	6067762	6026177	8182397	111	28415481
20	28414875	2	38	1054099456	37.10	38	38	38	0	38	38	8123940	6084331	6035746	8170842	16	28415481
21	28414810	14	38	1054331959	37.11	38	38	38	0	38	38	8107984	6121244	6009312	8176270	0	28415481
22	28414756	2	38	1054082984	37.10	38	38	38	0	38	38	8120426	6105757	6017716	8170721	136	28415481
23	28414710	2	38	1054113644	37.10	38	38	38	0	38	38	8116174	6096898	6026508	8174457	673	28415481
24	28414658	2	38	1053391965	37.07	38	38	38	0	38	38	8104851	6120440	6033026	8156292	49	28415481
25	28414596	2	38	1053431358	37.07	38	38	38	0	38	38	8116142	6106346	6043890	8147900	318	28415481
26	28414538	2	38	1051919406	37.02	38	38	38	0	38	38	8117992	6093292	6047814	8154663	777	28415481
27	28414467	2	38	1051943700	37.02	38	38	38	0	38	38	8082696	6121294	6061401	8148193	883	28415481
28	28414401	2	38	1051272254	37.00	38	38	38	0	38	38	8092667	6120825	6060483	8139712	714	28415481
29	28414340	2	38	1050932393	36.99	38	38	38	0	38	38	8094368	6111172	6060737	8146925	1138	28415481
30	28414283	2	38	1050291911	36.96	38	38	38	0	38	38	8073663	6129229	6071673	8137397	2321	28415481
31	28414212	2	38	1050314368	36.96	38	38	38	0	38	38	8088427	6125397	6060438	8138064	1886	28415481
32	28414147	2	38	1049805072	36.95	38	38	38	0	38	38	8101361	6114585	6059168	8138236	797	28415481
33	28414068	2	38	1050194610	36.96	38	38	38	0	38	38	8096315	6118131	6058526	8140447	649	28415481
34	28413983	2	38	1049456366	36.93	38	38	38	0	38	38	8103682	6101793	6076648	8129612	2248	28415481
35	28413923	2	38	1049591311	36.94	38	38	38	0	38	38	8111842	6108146	6076754	8116167	1014	28415481
36	28413847	2	38	1048756055	36.91	38	38	38	0	38	38	8096030	6120197	6062270	8131361	3989	28415481
37	28413780	2	38	1048568149	36.90	38	38	38	0	38	38	8108666	6108924	6071368	8121951	2871	28415481
38	28413730	2	38	1047877214	36.88	38	38	38	0	38	38	8105114	6101297	6092934	8111677	2708	28415481
39	28413664	2	38	1047282904	36.86	38	38	38	0	38	38	8079516	6127832	6085941	8117820	2555	28415481
40	28413600	2	38	1046628224	36.84	38	38	38	0	38	38	8086324	6127725	6080753	8115965	2833	28415481
41	28413538	2	38	1046569615	36.83	38	38	38	0	38	38	8100546	6107295	6079260	8124260	2177	28415481
42	28413469	2	38	1045808989	36.81	38	38	38	0	38	38	8085358	6130035	6078978	8117343	1755	28415481
43	28413408	2	38	1045554822	36.80	38	38	38	0	38	38	8093600	6118383	6082923	8115215	3287	28415481
44	28413345	2	38	1044662693	36.77	38	38	38	0	38	38	8097667	6109790	6080304	8122835	2749	28415481
45	28413262	2	38	1044941549	36.78	38	38	38	0	38	38	8087614	6128296	6076356	8116617	4379	28415481
46	28413196	2	38	1043911319	36.74	38	38	38	0	38	38	8095102	6118803	6085126	8108978	5187	28415481
47	28413124	2	38	1044321920	36.75	38	38	38	0	38	38	8089959	6112057	6096479	8111956	2673	28415481
48	28413059	2	38	1042933384	36.71	38	38	38	0	38	38	8075676	6140946	6079157	8110215	7065	28415481
49	28412979	2	38	1043169367	36.71	38	38	38	0	38	38	8084401	6123409	6091612	8107747	5810	28415481
50	28412877	2	38	1042223004	36.68	38	38	38	0	38	38	8086287	6111244	6093129	8115117	7100	28415481
51	28412795	2	38	1042698689	36.70	38	38	38	0	38	38	8072996	6127105	6087515	8115139	10040	28415481
52	28412698	2	38	1041794812	36.67	38	38	38	0	38	38	8083235	6125667	6091536	8109463	2797	28415481
53	28412612	2	38	1039719704	36.59	38	38	38	0	38	38	8083976	6101128	6075203	8100035	52270	28415481
54	28412539	2	38	1040043010	36.61	38	38	38	0	38	38	8076520	6116958	6082534	8115875	20652	28415481
55	28412455	2	38	1040033177	36.60	38	38	38	0	38	38	8084635	6116699	6091862	8105428	13831	28415481
56	28412371	2	38	1039310196	36.58	38	38	38	0	38	38	8093102	6107752	6088120	8110962	12435	28415481
57	28412269	2	38	1039546523	36.59	38	38	38	0	38	38	8073494	6128044	6086096	8108077	16558	28415481
58	28412168	2	38	1038871680	36.56	38	38	38	0	38	38	8081672	6118129	6092102	8105345	14920	28415481
59	28412068	2	38	1039050799	36.57	38	38	38	0	38	38	8088159	6113052	6092983	8101532	16342	28415481
60	28411969	2	38	1038507009	36.55	38	38	38	0	38	38	8068494	6138085	6086258	8109183	9949	28415481
61	28411873	2	38	1038279678	36.54	38	38	38	0	38	38	8075573	6122011	6084296	8111798	18195	28415481
62	28411760	2	38	1034516166	36.41	38	38	38	0	38	38	8054686	6095860	6073263	8088215	99736	28415481
63	28411658	2	38	1036672634	36.49	38	38	38	0	38	38	8067542	6131870	6073975	8114830	23441	28415481
64	28411538	2	38	1035947998	36.46	38	38	38	0	38	38	8078588	6120705	6086196	8112105	13944	28415481
65	28411408	2	38	1036559207	36.48	38	38	38	0	38	38	8087903	6106807	6089263	8108501	18934	28415481
66	28411293	2	38	1035523219	36.45	38	38	38	0	38	38	8075659	6115577	6087632	8112827	19598	28415481
67	28411165	2	38	1036157967	36.47	38	38	38	0	38	38	8079330	6111383	6098306	8107504	14642	28415481
68	28411023	2	38	1035293737	36.44	38	38	38	0	38	38	8078442	6113222	6099460	8105294	14605	28415481
69	28410870	2	38	1035563219	36.45	38	38	38	0	38	38	8065019	6130776	6092681	8111879	10515	28415481
70	28410708	2	38	1034725061	36.42	38	38	38	0	38	38	8079695	6121777	6103475	8103616	2145	28415481
71	28410558	2	38	1035236964	36.44	38	38	38	0	38	38	8084460	6115794	6095265	8114567	472	28415481
72	28410394	2	38	1034988692	36.43	38	38	38	0	38	38	8066871	6141737	6089046	8112431	309	28415481
73	28410231	2	38	1034947560	36.43	38	38	38	0	38	38	8078587	6124769	6092867	8113920	88	28415481
74	28410056	2	38	1034271149	36.41	38	38	38	0	38	38	8084828	6110579	6095033	8119030	586	28415481
75	28409872	2	38	1033864676	36.39	38	38	38	0	38	38	8072293	6131779	6089227	8115436	1137	28415481
76	28409660	2	38	1033259815	36.37	38	38	38	0	38	38	8084014	6116737	6090179	8117658	1072	28415481
77	28409436	2	38	1032801088	36.35	38	38	38	0	38	38	8088651	6107832	6098747	8113605	601	28415481
78	28409212	2	38	1032372891	36.34	38	38	38	0	38	38	8077651	6121367	6092414	8117020	760	28415481
79	28408951	2	38	1031844438	36.32	38	38	38	0	38	38	8078662	6118877	6101177	8108983	1252	28415481
80	28408704	2	38	1031516938	36.31	38	38	38	0	38	38	8071424	6125028	6098731	8112188	1333	28415481
81	28408444	2	38	1031135979	36.30	38	38	38	0	38	38	8072154	6130750	6084509	8119370	1661	28415481
82	28408142	2	38	1030187301	36.26	38	38	38	0	38	38	8077995	6119568	6097677	8111009	1893	28415481
83	28407837	2	38	1029723215	36.25	38	38	38	0	38	38	8081534	6120648	6091379	8112602	1674	28415481
84	28407507	2	38	1029135027	36.23	38	38	38	0	38	38	8066328	6129727	6081394	8127508	2550	28415481
85	28407146	2	38	1028474634	36.20	38	38	38	0	38	38	8078459	6116650	6088372	8122278	1387	28415481
86	28406753	2	38	1027444463	36.17	38	38	38	0	38	38	8088442	6108676	6091915	8115339	2381	28415481
87	28406359	2	38	1026978887	36.15	38	38	38	0	38	38	8075632	6117778	6093540	8117467	1942	28415481
88	28405934	2	38	1026230567	36.13	37	38	38	1	36	38	8080170	6117518	6092104	8114084	2058	28415481
89	28405532	2	38	1025829729	36.11	37	38	38	1	36	38	8082025	6107848	6097772	8114371	3516	28415481
90	28405059	2	38	1024789439	36.08	37	38	38	1	36	38	8062964	6126653	6095075	8117903	2464	28415481
91	28404564	2	38	1024145418	36.06	37	38	38	1	36	38	8072491	6115101	6102623	8112272	2077	28415481
92	28404073	2	38	1023297979	36.03	37	38	38	1	36	38	8074178	6113619	6096117	8117605	2554	28415481
93	28403523	2	38	1022975815	36.02	37	38	38	1	36	38	8071185	6122995	6084737	8122402	2204	28415481
94	28402990	2	38	1022199305	35.99	37	38	38	1	36	38	8075902	6109532	6094776	8120310	2470	28415481
95	28402436	2	38	1021669713	35.97	37	38	38	1	36	38	8077465	6105171	6095572	8120004	4224	28415481
96	28402031	2	38	1021034508	35.95	37	38	38	1	36	38	8071230	6113161	6089659	8125687	2294	28415481
97	28401989	2	38	1020348484	35.93	37	38	38	1	36	38	8083137	6110023	6087151	8118802	2876	28415481
98	28401965	2	38	1019239518	35.89	37	38	38	1	36	38	8082743	6101723	6096678	8118752	2069	28415481
99	28401942	2	38	1018940219	35.88	37	38	38	1	36	38	8064437	6121574	6093516	8121288	1127	28415481
100	28401918	2	38	1017940662	35.84	37	38	38	1	36	38	8077457	6112326	6096844	8114371	920	28415481
101	28401899	2	38	1017039642	35.81	37	38	38	1	36	38	8076836	6105885	6096362	8121759	1057	28415481
102	28401869	2	38	1016020234	35.77	37	38	38	1	36	38	8069616	6115760	6090956	8124955	582	28415481
103	28401842	2	38	1015910312	35.77	37	38	38	1	36	38	8076565	6109093	6092005	8123884	295	28415481
104	28401827	2	38	1014876450	35.73	37	38	38	1	36	38	8083651	6100367	6090291	8126380	1138	28415481
105	28401814	2	38	1014790374	35.73	37	38	38	1	36	38	8071773	6120043	6082647	8126488	863	28415481
106	28401795	2	38	1014044923	35.70	37	38	38	1	36	38	8084805	6103229	6087734	8125281	746	28415481
107	28401776	2	38	1013064051	35.67	37	38	38	1	36	38	8084663	6101599	6093664	8120460	1390	28415481
108	28401758	2	38	1012463354	35.65	37	38	38	1	36	38	8069856	6124391	6084122	8122257	1132	28415481
109	28401745	2	38	1012095275	35.63	37	38	38	1	36	38	8079779	6106709	6087642	8127030	585	28415481
110	28401731	2	38	1010581660	35.58	37	38	38	1	36	38	8079953	6102347	6098748	8119777	906	28415481
111	28401731	2	38	1009490549	35.54	36	38	38	2	33	38	8067430	6115290	6092560	8125632	819	28415481
112	28401731	2	38	1007893137	35.49	36	38	38	2	33	38	8071268	6115045	6097149	8118114	155	28415481
113	28401731	2	38	1006806576	35.45	36	38	38	2	33	38	8082469	6103509	6088431	8125021	2301	28415481
114	28401731	2	38	1005807245	35.41	36	38	38	2	33	38	8071605	6110714	6088705	8128693	2014	28415481
115	28401731	2	38	1005272323	35.39	36	38	38	2	33	38	8075318	6110388	6090624	8124395	1006	28415481
116	28401731	2	38	1003921301	35.35	36	38	38	2	33	38	8084651	6099568	6084627	8131749	1136	28415481
117	28401731	2	38	1003720126	35.34	36	38	38	2	33	38	8070735	6111957	6083788	8133722	1529	28415481
118	28401731	2	38	1002539559	35.30	36	38	38	2	33	38	8082175	6104871	6085056	8128963	666	28415481
119	28401731	2	38	1001475276	35.26	36	38	38	2	33	38	8078839	6098902	6095493	8127637	860	28415481
120	28401731	2	38	1000195874	35.22	36	38	38	2	33	38	8072484	6122969	6080181	8125443	654	28415481
121	28401731	2	38	998783216	35.17	36	38	38	2	33	38	8084945	6107268	6081275	8126907	1336	28415481
122	28401731	2	38	997209657	35.11	36	38	38	2	33	38	8083990	6090863	6090366	8135208	1304	28415481
123	28401731	2	38	996939965	35.10	36	38	38	2	33	38	8072415	6113716	6084665	8130350	585	28415481
124	28401731	2	38	996080013	35.07	36	38	38	2	33	38	8079559	6105167	6086771	8129731	503	28415481
125	28401731	2	38	994567699	35.02	35	38	38	3	31	38	8082612	6094330	6094173	8130126	490	28415481
126	28401731	2	38	909907542	32.04	29	36	38	9	16	38	8036874	6094484	6089303	8180633	437	28415481
