column	count	min	max	sum	mean	Q1	med	Q3	IQR	lW	rW	A_Count	C_Count	G_Count	T_Count	N_Count	Max_count
1	30076172	2	34	987477953	32.83	33	34	34	1	32	34	9163256	6370367	5333592	9079778	129179	30076172
2	30076110	2	34	993668226	33.04	33	34	34	1	32	34	9276140	5634211	6195586	8970145	28	30076172
3	30076078	18	34	995322790	33.09	33	34	34	1	32	34	9043453	6082404	6060834	8889387	0	30076172
4	30076071	15	34	994539465	33.07	33	34	34	1	32	34	8638946	6255386	6294213	8887526	0	30076172
5	30076065	2	34	995275122	33.09	33	34	34	1	32	34	8542678	6183438	6541833	8806652	1464	30076172
6	30076057	14	38	1121985676	37.30	38	38	38	0	38	38	8632746	6396629	6526557	8520125	0	30076172
7	30076048	14	38	1114575385	37.06	38	38	38	0	38	38	8591321	6189799	6667277	8627651	0	30076172
8	30076030	14	38	1119129471	37.21	38	38	38	0	38	38	8636788	6396594	6405568	8637080	0	30076172
9	30076017	14	38	1121470291	37.29	38	38	38	0	38	38	8500369	6451643	6302029	8821976	0	30076172
10	30075997	14	38	1121959797	37.30	38	38	38	0	38	38	8626733	6430662	6367571	8651031	0	30076172
11	30075974	14	38	1122343000	37.32	38	38	38	0	38	38	8625966	6426693	6326034	8697281	0	30076172
12	30075946	14	38	1121971767	37.30	38	38	38	0	38	38	8681400	6417789	6286474	8690283	0	30076172
13	30075908	14	38	1122260235	37.31	38	38	38	0	38	38	8706655	6358524	6305625	8705104	0	30076172
14	30075879	2	38	1122142934	37.31	38	38	38	0	38	38	8703167	6336927	6300588	8735182	15	30076172
15	30075844	14	38	1122447923	37.32	38	38	38	0	38	38	8667251	6404436	6298809	8705348	0	30076172
16	30075799	2	38	1121989416	37.31	38	38	38	0	38	38	8676562	6341621	6331379	8726232	5	30076172
17	30075754	2	38	1122365555	37.32	38	38	38	0	38	38	8651626	6372250	6332174	8719559	145	30076172
18	30075703	2	38	1120965238	37.27	38	38	38	0	38	38	8649843	6433933	6328355	8663463	109	30076172
19	30075647	2	38	1121138455	37.28	38	38	38	0	38	38	8651144	6371389	6350799	8702287	28	30076172
20	30075592	2	38	1121559275	37.29	38	38	38	0	38	38	8637479	6403723	6355836	8678524	30	30076172
21	30075523	14	38	1122136963	37.31	38	38	38	0	38	38	8618831	6432878	6330999	8692815	0	30076172
22	30075460	2	38	1121966551	37.31	38	38	38	0	38	38	8627869	6418341	6338647	8690592	11	30076172
23	30075408	14	38	1122252330	37.31	38	38	38	0	38	38	8620257	6415924	6351224	8688003	0	30076172
24	30075344	2	38	1121566298	37.29	38	38	38	0	38	38	8610573	6434806	6355182	8674559	224	30076172
25	30075287	2	38	1121669679	37.30	38	38	38	0	38	38	8618126	6427547	6371686	8657805	123	30076172
26	30075203	2	38	1120378427	37.25	38	38	38	0	38	38	8623017	6411372	6375784	8664022	1008	30076172
27	30075133	2	38	1120396052	37.25	38	38	38	0	38	38	8580019	6448066	6386082	8660942	24	30076172
28	30075054	14	38	1119690150	37.23	38	38	38	0	38	38	8595755	6436604	6395764	8646931	0	30076172
29	30074968	2	38	1119731555	37.23	38	38	38	0	38	38	8594228	6431679	6396536	8651889	636	30076172
30	30074896	2	38	1118548339	37.19	38	38	38	0	38	38	8580727	6452280	6408302	8633485	102	30076172
31	30074830	2	38	1119010246	37.21	38	38	38	0	38	38	8594095	6444920	6393916	8639702	2197	30076172
32	30074744	2	38	1118621245	37.19	38	38	38	0	38	38	8609730	6431115	6390245	8640789	2865	30076172
33	30074685	2	38	1118971696	37.21	38	38	38	0	38	38	8603327	6442403	6390282	8637630	1043	30076172
34	30074611	2	38	1118281519	37.18	38	38	38	0	38	38	8604798	6426309	6412127	8628091	3286	30076172
35	30074548	2	38	1118544870	37.19	38	38	38	0	38	38	8614626	6429145	6411102	8617972	1703	30076172
36	30074477	2	38	1117818662	37.17	38	38	38	0	38	38	8598733	6446898	6396756	8629203	2887	30076172
37	30074400	2	38	1117688620	37.16	38	38	38	0	38	38	8609026	6430077	6410658	8621697	2942	30076172
38	30074333	2	38	1116775624	37.13	38	38	38	0	38	38	8606932	6429416	6431091	8605042	1852	30076172
39	30074244	2	38	1116543182	37.13	38	38	38	0	38	38	8577591	6455597	6421981	8615860	3215	30076172
40	30074145	2	38	1115584200	37.09	38	38	38	0	38	38	8585954	6459910	6417520	8608536	2225	30076172
41	30074075	2	38	1115619379	37.10	38	38	38	0	38	38	8598139	6441209	6415826	8616761	2140	30076172
42	30074006	2	38	1114977617	37.07	38	38	38	0	38	38	8573757	6460894	6419573	8618938	844	30076172
43	30073942	2	38	1114966639	37.07	38	38	38	0	38	38	8594051	6449285	6414122	8613173	3311	30076172
44	30073855	2	38	1114259380	37.05	38	38	38	0	38	38	8594302	6442127	6420353	8615243	1830	30076172
45	30073775	2	38	1114232571	37.05	38	38	38	0	38	38	8577660	6460759	6416627	8614541	4188	30076172
46	30073695	2	38	1113125506	37.01	38	38	38	0	38	38	8596212	6445758	6425514	8603346	2865	30076172
47	30073605	2	38	1113578033	37.03	38	38	38	0	38	38	8589828	6440002	6433425	8607633	2717	30076172
48	30073535	2	38	1112422456	36.99	38	38	38	0	38	38	8572373	6468870	6421364	8608200	2728	30076172
49	30073476	2	38	1112545300	36.99	38	38	38	0	38	38	8581431	6454229	6429515	8600125	8176	30076172
50	30073393	2	38	1111641403	36.96	38	38	38	0	38	38	8588645	6443469	6435623	8602825	2831	30076172
51	30073303	2	38	1111930229	36.97	38	38	38	0	38	38	8567675	6466066	6427086	8605933	6543	30076172
52	30073244	2	38	1110687474	36.93	38	38	38	0	38	38	8586520	6450817	6424093	8600280	11534	30076172
53	30073169	2	38	1107035872	36.81	38	38	38	0	38	38	8561400	6421265	6407052	8575299	108153	30076172
54	30073079	2	38	1108110538	36.85	38	38	38	0	38	38	8563041	6454924	6425159	8611447	18508	30076172
55	30072986	2	38	1109019683	36.88	38	38	38	0	38	38	8588233	6446406	6427685	8599140	11522	30076172
56	30072891	2	38	1108813830	36.87	38	38	38	0	38	38	8583923	6441753	6432362	8605676	9177	30076172
57	30072788	2	38	1109617450	36.90	38	38	38	0	38	38	8562340	6464765	6424175	8608906	12602	30076172
58	30072688	2	38	1108749671	36.87	38	38	38	0	38	38	8580230	6449561	6434353	8599861	8683	30076172
59	30072587	2	38	1108833273	36.87	38	38	38	0	38	38	8581108	6448316	6435500	8598449	9214	30076172
60	30072477	2	38	1107769783	36.84	38	38	38	0	38	38	8565475	6475652	6422179	8601028	8143	30076172
61	30072359	2	38	1106115243	36.78	38	38	38	0	38	38	8567904	6448098	6426941	8590962	38454	30076172
62	30072265	2	38	1103151070	36.68	38	38	38	0	38	38	8537873	6424318	6410096	8577182	122796	30076172
63	30072156	2	38	1105957446	36.78	38	38	38	0	38	38	8563854	6467486	6416795	8603589	20432	30076172
64	30072025	2	38	1105201282	36.75	38	38	38	0	38	38	8576222	6455079	6422521	8601748	16455	30076172
65	30071889	2	38	1106249175	36.79	38	38	38	0	38	38	8580884	6444788	6430109	8600008	16100	30076172
66	30071771	2	38	1105435069	36.76	38	38	38	0	38	38	8570148	6458193	6426123	8600996	16311	30076172
67	30071627	2	38	1105877546	36.77	38	38	38	0	38	38	8571980	6450599	6440461	8590585	18002	30076172
68	30071478	2	38	1104805583	36.74	38	38	38	0	38	38	8580295	6447534	6439524	8592138	11987	30076172
69	30071333	2	38	1105208029	36.75	38	38	38	0	38	38	8562782	6464317	6428647	8601731	13856	30076172
70	30071180	2	38	1104036276	36.71	38	38	38	0	38	38	8574716	6451411	6443931	8591044	10078	30076172
71	30071006	2	38	1104753959	36.74	38	38	38	0	38	38	8577052	6450812	6436245	8602846	4051	30076172
72	30070814	2	38	1104310926	36.72	38	38	38	0	38	38	8557181	6477339	6427701	8605514	3079	30076172
73	30070628	2	38	1103346682	36.69	38	38	38	0	38	38	8578195	6460636	6434380	8596853	564	30076172
74	30070427	2	38	1103620493	36.70	38	38	38	0	38	38	8583066	6442293	6436788	8607467	813	30076172
75	30070224	2	38	1103609410	36.70	38	38	38	0	38	38	8565299	6469336	6427756	8606732	1101	30076172
76	30070022	2	38	1103484223	36.70	38	38	38	0	38	38	8576909	6454944	6433953	8603198	1018	30076172
77	30069815	2	38	1103179683	36.69	38	38	38	0	38	38	8582782	6443613	6439434	8603291	695	30076172
78	30069618	2	38	1102788565	36.67	38	38	38	0	38	38	8577549	6458850	6427148	8604444	1627	30076172
79	30069354	2	38	1102459048	36.66	38	38	38	0	38	38	8572767	6455474	6443433	8596182	1498	30076172
80	30069113	2	38	1101572861	36.63	38	38	38	0	38	38	8571970	6464979	6433368	8597697	1099	30076172
81	30068844	2	38	1101196708	36.62	38	38	38	0	38	38	8568312	6472779	6422246	8603395	2112	30076172
82	30068583	2	38	1100539450	36.60	38	38	38	0	38	38	8575247	6459059	6440412	8592969	896	30076172
83	30068304	2	38	1100188403	36.59	38	38	38	0	38	38	8577434	6453527	6438514	8597089	1740	30076172
84	30067998	2	38	1099581332	36.57	38	38	38	0	38	38	8566378	6467541	6421891	8611257	931	30076172
85	30067703	2	38	1099016572	36.55	38	38	38	0	38	38	8576645	6459065	6425443	8603373	3177	30076172
86	30067369	2	38	1098067012	36.52	38	38	38	0	38	38	8581077	6443769	6437459	8603049	2015	30076172
87	30066987	2	38	1097543001	36.50	38	38	38	0	38	38	8565558	6462466	6439532	8597284	2147	30076172
88	30066566	2	38	1096831301	36.48	38	38	38	0	38	38	8574503	6457253	6431330	8602452	1028	30076172
89	30066173	2	38	1096515656	36.47	38	38	38	0	38	38	8578912	6447352	6433792	8602960	3157	30076172
90	30065732	2	38	1095742781	36.44	38	38	38	0	38	38	8558845	6469069	6434874	8601379	1565	30076172
91	30065229	2	38	1095070097	36.42	38	38	38	0	38	38	8568913	6453787	6437028	8603030	2471	30076172
92	30064735	2	38	1094299691	36.40	38	38	38	0	38	38	8564662	6454124	6438395	8605999	1555	30076172
93	30064268	2	38	1093920866	36.39	38	38	38	0	38	38	8562236	6468402	6423883	8608846	901	30076172
94	30063746	2	38	1093164208	36.36	38	38	38	0	38	38	8568357	6451523	6434895	8607003	1968	30076172
95	30063236	2	38	1092687940	36.35	38	38	38	0	38	38	8572302	6447750	6433766	8606843	2575	30076172
96	30062776	2	38	1091828124	36.32	38	38	38	0	38	38	8563940	6457041	6429273	8611124	1398	30076172
97	30062737	2	38	1091341164	36.30	38	38	38	0	38	38	8577830	6451082	6427369	8603664	2792	30076172
98	30062702	2	38	1090754108	36.28	38	38	38	0	38	38	8582396	6444244	6431956	8601834	2272	30076172
99	30062664	2	38	1090047056	36.26	38	38	38	0	38	38	8557379	6464004	6430869	8607802	2610	30076172
100	30062633	2	38	1088890397	36.22	38	38	38	0	38	38	8564744	6457249	6440530	8598642	1468	30076172
101	30062612	2	38	1088122489	36.20	38	38	38	0	38	38	8568433	6451730	6438806	8601779	1864	30076172
102	30062590	2	38	1086067570	36.13	38	38	38	0	38	38	8557275	6458231	6441050	8603400	2634	30076172
103	30062569	2	38	1086560722	36.14	38	38	38	0	38	38	8565970	6452361	6434021	8607636	2581	30076172
104	30062545	2	38	1084937402	36.09	38	38	38	0	38	38	8573846	6444640	6442125	8599421	2513	30076172
105	30062525	2	38	1085020291	36.09	38	38	38	0	38	38	8569242	6457637	6422570	8611549	1527	30076172
106	30062508	2	38	1084731696	36.08	38	38	38	0	38	38	8574959	6448668	6430502	8607413	966	30076172
107	30062475	2	38	1084324687	36.07	38	38	38	0	38	38	8579184	6441029	6438950	8602462	850	30076172
108	30062460	2	38	1083404428	36.04	38	38	38	0	38	38	8560331	6465297	6425120	8610505	1207	30076172
109	30062440	2	38	1081899777	35.99	37	38	38	1	36	38	8570381	6445056	6432778	8612851	1374	30076172
110	30062425	2	38	1080755009	35.95	37	38	38	1	36	38	8569624	6444295	6436520	8610226	1760	30076172
111	30062425	2	38	1080442389	35.94	37	38	38	1	36	38	8558576	6461144	6436438	8604516	1751	30076172
112	30062425	2	38	1079251603	35.90	37	38	38	1	36	38	8563536	6459829	6430694	8606709	1657	30076172
113	30062425	2	38	1078600260	35.88	37	38	38	1	36	38	8574761	6443258	6437313	8606286	807	30076172
114	30062425	2	38	1077673448	35.85	37	38	38	1	36	38	8559398	6461246	6427783	8612818	1180	30076172
115	30062425	2	38	1076943398	35.82	37	38	38	1	36	38	8570190	6457518	6429917	8603368	1432	30076172
116	30062425	2	38	1075431187	35.77	37	38	38	1	36	38	8572012	6448635	6428319	8612700	759	30076172
117	30062425	2	38	1074997086	35.76	37	38	38	1	36	38	8558556	6461215	6424795	8616616	1243	30076172
118	30062425	2	38	1074236830	35.73	37	38	38	1	36	38	8569426	6450617	6429613	8612453	316	30076172
119	30062425	2	38	1073353439	35.70	37	38	38	1	36	38	8564308	6444499	6438054	8614278	1286	30076172
120	30062425	2	38	1072058337	35.66	37	38	38	1	36	38	8555207	6473314	6426087	8606718	1099	30076172
121	30062425	2	38	1070612405	35.61	37	38	38	1	36	38	8576518	6451643	6428759	8604648	857	30076172
122	30062425	2	38	1070078348	35.60	36	38	38	2	33	38	8575692	6439215	6437155	8608482	1881	30076172
123	30062425	2	38	1069266588	35.57	36	38	38	2	33	38	8560932	6466032	6424271	8610067	1123	30076172
124	30062425	2	38	1068120655	35.53	36	38	38	2	33	38	8564732	6451537	6430344	8615236	576	30076172
125	30062425	2	38	1067646352	35.51	36	38	38	2	33	38	8568185	6446502	6432108	8614797	833	30076172
126	30062425	2	38	982145004	32.67	31	37	38	7	21	38	8523080	6456445	6440884	8641140	876	30076172
