column	count	min	max	sum	mean	Q1	med	Q3	IQR	lW	rW	A_Count	C_Count	G_Count	T_Count	N_Count	Max_count
1	38823	2	34	1058103	27.25	27	27	28	1	26	29	37074	146	1297	304	2	38823
2	38823	2	34	1047490	26.98	25	27	32	7	15	34	1711	212	329	36564	7	38823
3	38823	2	34	738786	19.03	18	18	18	0	18	18	513	23939	384	13974	13	38823
4	38823	2	34	645219	16.62	15	15	15	0	15	15	582	4674	28932	4625	10	38823
5	38823	2	34	907452	23.37	15	27	27	12	2	34	404	409	37363	634	13	38823
6	38823	2	38	634096	16.33	14	14	16	2	11	19	14956	431	22542	880	14	38823
7	38823	2	38	947157	24.40	16	28	29	13	2	38	37295	289	757	469	13	38823
8	38823	2	38	633220	16.31	14	14	16	2	11	19	7077	319	30811	602	14	38823
9	38823	2	38	715749	18.44	14	16	26	12	2	38	35465	305	2453	587	13	38823
10	38823	2	38	706105	18.19	14	16	26	12	2	38	2777	301	35101	630	14	38823
11	38823	2	38	627970	16.18	15	15	16	1	14	17	1807	20800	15445	758	13	38823
12	38823	2	38	790254	20.36	14	16	28	14	2	38	478	1258	36504	569	14	38823
13	38823	2	38	677950	17.46	14	14	16	2	11	19	737	695	21058	16320	13	38823
14	38823	2	38	673267	17.34	14	14	16	2	11	19	707	32996	1988	3119	13	38823
15	38823	2	38	736179	18.96	14	14	26	12	2	38	560	1738	35569	943	13	38823
16	38823	2	38	686864	17.69	14	14	24	10	2	38	562	756	11604	25887	14	38823
17	38823	2	38	787265	20.28	14	16	27	13	2	38	472	336	35688	2314	13	38823
18	38823	2	38	768578	19.80	14	15	26	12	2	38	437	349	6572	31451	14	38823
19	38823	2	38	643472	16.57	14	16	16	2	11	19	25984	484	2266	10075	14	38823
20	38823	2	38	701012	18.06	15	16	16	1	14	17	2266	330	34861	1354	12	38823
21	38823	2	38	949061	24.45	16	27	28	12	2	38	513	279	37465	552	14	38823
22	38823	2	38	1185777	30.54	27	34	36	9	14	38	380	286	37726	422	9	38823
23	38823	2	38	615824	15.86	14	14	16	2	11	19	8211	369	29477	752	14	38823
24	38798	2	38	751892	19.38	14	15	25	11	2	38	36268	309	1739	469	13	38823
25	38798	2	38	1038276	26.76	24	28	34	10	9	38	37485	292	610	397	14	38823
26	38798	2	38	608067	15.67	14	15	15	1	13	16	17068	326	20813	577	14	38823
27	38798	2	38	732904	18.89	16	16	25	9	3	38	35782	316	2199	487	14	38823
28	38798	2	38	677946	17.47	16	16	16	0	16	16	4575	318	33390	501	14	38823
29	38797	2	38	639151	16.47	15	16	16	1	14	17	2919	440	17906	17518	14	38823
30	38785	2	38	702951	18.12	14	16	24	10	2	38	689	362	35602	2117	15	38823
31	38784	2	38	719504	18.55	15	16	25	10	2	38	596	336	7470	30369	13	38823
32	38784	2	38	641007	16.53	16	16	16	0	16	16	25462	396	2632	10281	13	38823
33	38784	2	38	617560	15.92	14	15	16	2	11	19	8713	390	27118	2549	14	38823
34	38784	2	38	661472	17.06	16	16	16	0	16	16	33552	427	3845	945	15	38823
35	38784	2	38	650180	16.76	16	16	16	0	16	16	11721	389	1749	24911	14	38823
36	38784	2	38	691048	17.82	16	16	16	0	16	16	6911	10744	1837	19278	14	38823
37	38784	2	38	857493	22.11	16	25	28	12	2	38	1070	1265	883	35552	14	38823
38	38784	2	38	679845	17.53	16	16	16	0	16	16	1057	23554	841	13318	14	38823
39	38784	2	38	676406	17.44	15	16	16	1	14	17	1086	8364	23766	5554	14	38823
40	38784	2	38	861268	22.21	15	25	27	12	2	38	612	751	36458	948	15	38823
41	38784	2	38	653085	16.84	14	14	16	2	11	19	837	699	19856	17379	13	38823
42	38784	2	38	720201	18.57	14	15	24	10	2	38	632	487	35003	2648	14	38823
43	38784	2	38	926268	23.88	14	25	28	14	2	38	579	424	37013	763	5	38823
44	38784	2	38	624227	16.09	14	14	14	0	14	14	703	520	26283	11268	10	38823
45	38784	2	38	608843	15.70	14	14	15	1	13	16	1154	10721	18369	8529	11	38823
46	38784	2	38	721952	18.61	14	14	25	11	2	38	623	1330	35413	1408	10	38823
47	38784	2	38	599115	15.45	14	14	14	0	14	14	747	19380	17584	1062	11	38823
48	38784	2	38	720972	18.59	14	15	24	10	2	38	584	34738	2810	640	12	38823
49	38784	2	38	616603	15.90	14	14	14	0	14	14	534	6555	31056	625	14	38823
50	38784	14	38	602286	15.53	14	14	14	0	14	14	977	3381	28172	6254	0	38823
51	38784	14	38	638701	16.47	14	14	14	0	14	14	17015	2623	14779	4367	0	38823
52	38782	14	38	699210	18.03	14	14	24	10	14	38	4016	1102	4502	29162	0	38823
53	38781	2	38	664219	17.13	14	14	16	2	11	19	1952	24980	2329	9435	85	38823
54	38781	2	38	689685	17.78	14	15	24	10	2	38	25599	9473	1463	2194	52	38823
55	38781	2	38	695242	17.93	15	15	16	1	14	17	7632	2493	1492	27117	47	38823
56	38759	2	38	902400	23.28	15	26	27	12	2	38	1054	699	890	36063	53	38823
57	38751	2	38	652796	16.85	15	15	16	1	14	17	20262	885	1005	16497	102	38823
58	38750	2	38	822327	21.22	15	24	26	11	2	38	35628	606	790	1640	86	38823
59	38750	2	38	1014588	26.18	24	26	34	10	9	38	36930	427	694	651	48	38823
60	38750	2	38	1170399	30.20	26	34	36	10	11	38	37145	410	644	503	48	38823
61	38750	2	38	1261813	32.56	31	36	38	7	21	38	37266	361	627	446	50	38823
62	38727	2	38	1291276	33.34	33	37	38	5	26	38	37316	333	624	404	50	38823
63	38706	2	38	1300993	33.61	33	38	38	5	26	38	37294	306	648	410	48	38823
64	38704	2	38	1307915	33.79	34	38	38	4	28	38	37354	325	612	359	54	38823
65	38704	2	38	1305422	33.73	34	38	38	4	28	38	37335	318	634	364	53	38823
66	38704	2	38	1302701	33.66	34	38	38	4	28	38	37302	329	623	396	54	38823
67	38704	2	38	1155617	29.86	25	34	38	13	6	38	36594	562	857	637	54	38823
68	38704	2	38	957273	24.73	14	25	34	20	2	38	35131	928	1504	1089	52	38823
69	38704	2	38	794001	20.51	14	16	25	11	2	38	33237	1360	2419	1636	52	38823
70	38704	2	38	732868	18.94	14	15	25	11	2	38	31396	1771	3210	2277	50	38823
71	38704	2	38	696726	18.00	14	14	24	10	2	38	29095	2169	4798	2592	50	38823
72	38704	2	38	682559	17.64	14	14	24	10	2	38	27715	2408	5316	3218	47	38823
73	38704	2	38	671197	17.34	14	15	24	10	2	38	25479	2733	6860	3579	53	38823
74	38702	2	38	669967	17.31	14	14	24	10	2	38	24136	2959	7297	4257	53	38823
75	38699	2	38	668189	17.27	14	15	16	2	11	19	23055	3118	8040	4432	54	38823
76	38699	2	38	659076	17.03	14	14	15	1	13	16	21827	3280	9155	4383	54	38823
77	38699	2	38	663243	17.14	14	14	15	1	13	16	21462	3546	8985	4653	53	38823
78	38699	2	38	657517	16.99	14	14	15	1	13	16	20197	3750	9681	5018	53	38823
79	38699	2	38	656832	16.97	14	14	15	1	13	16	19353	4135	9997	5165	49	38823
80	38699	2	38	648552	16.76	14	14	15	1	13	16	18405	4176	10241	5824	53	38823
81	38699	2	38	650939	16.82	14	14	15	1	13	16	17766	4609	10491	5778	55	38823
82	38699	2	38	640142	16.54	14	14	15	1	13	16	17258	4402	11471	5516	52	38823
83	38699	2	38	642445	16.60	14	14	15	1	13	16	16126	4427	12560	5533	53	38823
84	38699	2	38	633506	16.37	13	14	15	2	10	18	16146	4527	12432	5545	49	38823
85	38699	2	38	633410	16.37	13	14	15	2	10	18	14999	4925	13083	5648	44	38823
86	38699	2	38	624709	16.14	13	14	15	2	10	18	14282	4637	14047	5690	43	38823
87	38699	2	38	627182	16.21	13	14	15	2	10	18	13827	5033	13690	6106	43	38823
88	38699	2	38	623990	16.12	13	14	15	2	10	18	13631	5382	13629	6010	47	38823
89	38699	2	38	625496	16.16	13	14	14	1	12	15	12829	5213	14542	6066	49	38823
90	38699	2	38	618617	15.99	13	14	14	1	12	15	12335	5743	14675	5902	44	38823
91	38699	2	38	619620	16.01	13	14	14	1	12	15	12775	6040	14074	5768	42	38823
92	38698	2	38	616025	15.92	13	14	14	1	12	15	12176	5759	14679	6043	41	38823
93	38698	2	38	615430	15.90	13	14	14	1	12	15	11832	6291	14180	6352	43	38823
94	38698	2	38	615008	15.89	13	14	14	1	12	15	12522	5928	13787	6417	44	38823
95	38698	2	38	617839	15.97	13	14	14	1	12	15	12439	5817	13526	6865	51	38823
96	38698	2	38	615364	15.90	13	14	14	1	12	15	12154	6342	13392	6765	45	38823
97	38698	2	38	616920	15.94	13	14	14	1	12	15	12611	6445	13070	6521	51	38823
98	38698	2	38	615213	15.90	13	14	14	1	12	15	12739	6010	13257	6647	45	38823
99	38698	2	38	615885	15.92	13	14	14	1	12	15	12727	5942	13093	6895	41	38823
100	38698	2	38	615603	15.91	13	14	14	1	12	15	13353	5787	12709	6812	37	38823
101	38698	2	38	614722	15.89	13	14	14	1	12	15	13788	6158	12222	6491	39	38823
102	38698	2	38	613643	15.86	13	14	14	1	12	15	13711	5891	12682	6371	43	38823
103	38698	2	38	613071	15.84	13	14	14	1	12	15	14486	5773	12219	6172	48	38823
104	38698	2	38	613332	15.85	13	14	14	1	12	15	15040	5560	11805	6254	39	38823
105	38698	2	38	611802	15.81	13	14	14	1	12	15	15013	5968	11510	6162	45	38823
106	38698	2	38	613674	15.86	13	14	14	1	12	15	15128	5689	11785	6052	44	38823
107	38698	2	38	611365	15.80	13	14	14	1	12	15	15326	5689	11872	5765	46	38823
108	38698	2	38	612135	15.82	13	14	14	1	12	15	15257	5740	11830	5834	37	38823
109	38698	2	38	611551	15.80	13	14	14	1	12	15	15761	5808	11222	5862	45	38823
110	38698	2	38	611383	15.80	13	14	14	1	12	15	15132	5662	11899	5957	48	38823
111	38698	2	38	611601	15.80	13	14	14	1	12	15	15053	5960	11595	6049	41	38823
112	38698	2	38	611054	15.79	13	14	14	1	12	15	14567	5999	11965	6124	43	38823
113	38698	2	38	609988	15.76	13	14	14	1	12	15	14365	6060	12126	6102	45	38823
114	38698	2	38	612039	15.82	13	14	14	1	12	15	14051	5976	12512	6122	37	38823
115	38698	2	38	609316	15.75	13	14	14	1	12	15	14028	6091	12312	6221	46	38823
116	38698	2	38	610429	15.77	13	14	14	1	12	15	14067	6282	12125	6182	42	38823
117	38698	2	38	607877	15.71	13	14	14	1	12	15	13629	6282	12543	6200	44	38823
118	38698	2	38	609195	15.74	13	14	14	1	12	15	13795	6192	12276	6390	45	38823
119	38698	2	38	608890	15.73	13	14	14	1	12	15	13269	6447	12569	6373	40	38823
120	38698	2	38	609373	15.75	13	14	14	1	12	15	13136	6460	12611	6448	43	38823
121	38698	2	38	608112	15.71	13	14	14	1	12	15	13383	6331	12474	6427	83	38823
122	38698	2	38	608115	15.71	13	14	14	1	12	15	13432	6305	12623	6253	85	38823
123	38698	2	38	608501	15.72	13	14	14	1	12	15	12975	6573	12585	6518	47	38823
124	38698	2	38	607121	15.69	13	14	14	1	12	15	12954	6495	12840	6362	47	38823
125	38698	2	38	606724	15.68	13	14	14	1	12	15	13372	6418	12559	6304	45	38823
126	38698	2	38	599829	15.50	13	14	14	1	12	15	14688	5038	13388	5539	45	38823
