column	count	min	max	sum	mean	Q1	med	Q3	IQR	lW	rW	A_Count	C_Count	G_Count	T_Count	N_Count	Max_count
1	28817390	2	34	934131093	32.42	33	33	34	1	32	34	8888954	6150361	4975701	8800438	1936	28817390
2	28817387	2	34	938620438	32.57	33	33	34	1	32	34	9140324	5349224	6010998	8312728	4113	28817390
3	28817380	2	34	940762698	32.65	33	33	34	1	32	34	8788721	5779190	5953717	8288731	7021	28817390
4	28817376	2	34	938807163	32.58	33	33	34	1	32	34	8235482	6074793	6101219	8398745	7137	28817390
5	28817375	2	34	940008276	32.62	33	34	34	1	32	34	8173685	5920879	6267835	8447085	7891	28817390
6	28817370	2	38	1057141897	36.68	38	38	38	0	38	38	8252088	6163468	6293248	8099701	8865	28817390
7	28817366	2	38	1057104362	36.68	38	38	38	0	38	38	8167737	5930754	6443661	8267201	8013	28817390
8	28817362	2	38	1057376009	36.69	38	38	38	0	38	38	8281190	6106719	6182161	8239783	7509	28817390
9	28817350	2	38	1057587725	36.70	38	38	38	0	38	38	8139424	6172927	6068455	8429434	7110	28817390
10	28817339	2	38	1057288660	36.69	38	38	38	0	38	38	8243790	6169096	6135181	8261436	7836	28817390
11	28817324	2	38	1057500578	36.70	38	38	38	0	38	38	8242158	6166883	6081018	8319773	7492	28817390
12	28817308	2	38	1057297840	36.69	38	38	38	0	38	38	8315136	6156216	6037772	8299372	8812	28817390
13	28817271	2	38	1057483889	36.70	38	38	38	0	38	38	8321892	6086616	6058391	8342959	7413	28817390
14	28817243	2	38	1057481701	36.70	38	38	38	0	38	38	8342113	6065164	6053119	8349306	7541	28817390
15	28817211	2	38	1056770176	36.67	38	38	38	0	38	38	8297312	6132480	6041222	8339799	6398	28817390
16	28817171	2	38	1057335325	36.69	38	38	38	0	38	38	8272970	6080423	6091519	8365390	6869	28817390
17	28817127	2	38	1057602983	36.70	38	38	38	0	38	38	8289499	6097975	6077542	8345184	6927	28817390
18	28817089	2	38	1056379329	36.66	38	38	38	0	38	38	8266409	6155757	6072025	8315747	7151	28817390
19	28817047	2	38	1057112081	36.68	38	38	38	0	38	38	8278098	6109217	6088901	8333603	7228	28817390
20	28817001	2	38	1057380661	36.69	38	38	38	0	38	38	8276259	6129038	6104541	8299608	7555	28817390
21	28816965	2	38	1057454323	36.70	38	38	38	0	38	38	8249696	6165405	6078560	8314751	8553	28817390
22	28816921	2	38	1057142900	36.68	38	38	38	0	38	38	8254950	6151153	6078227	8324997	7594	28817390
23	28816871	2	38	1057349119	36.69	38	38	38	0	38	38	8252973	6150465	6089538	8316297	7598	28817390
24	28816819	2	38	1057177187	36.69	38	38	38	0	38	38	8244580	6169125	6100182	8294694	8238	28817390
25	28816765	2	38	1057207849	36.69	38	38	38	0	38	38	8245383	6161793	6117830	8284161	7598	28817390
26	28816713	2	38	1057035266	36.68	38	38	38	0	38	38	8258329	6143523	6127207	8279109	8545	28817390
27	28816658	2	38	1057180636	36.69	38	38	38	0	38	38	8215397	6181270	6137155	8274565	8271	28817390
28	28816589	2	38	1057194440	36.69	38	38	38	0	38	38	8222879	6179620	6140268	8265303	8519	28817390
29	28816540	2	38	1056211510	36.65	38	38	38	0	38	38	8233603	6170694	6145105	8259038	8100	28817390
30	28816481	2	38	1056892868	36.68	38	38	38	0	38	38	8213840	6189314	6144041	8260194	9092	28817390
31	28816422	2	38	1057226558	36.69	38	38	38	0	38	38	8225499	6180912	6138329	8263356	8326	28817390
32	28816374	2	38	1057283194	36.69	38	38	38	0	38	38	8242807	6174529	6132092	8258696	8250	28817390
33	28816321	2	38	1057282681	36.69	38	38	38	0	38	38	8228666	6184630	6137070	8257594	8361	28817390
34	28816245	2	38	1056914194	36.68	38	38	38	0	38	38	8244276	6165186	6148871	8248658	9254	28817390
35	28816199	2	38	1056921210	36.68	38	38	38	0	38	38	8252029	6166110	6163481	8226515	8064	28817390
36	28816139	2	38	1056636721	36.67	38	38	38	0	38	38	8234394	6190123	6141044	8240853	9725	28817390
37	28816086	2	38	1055615608	36.63	38	38	38	0	38	38	8248392	6167612	6167913	8223667	8502	28817390
38	28816030	2	38	1056082338	36.65	38	38	38	0	38	38	8239232	6173681	6176908	8217051	9158	28817390
39	28815981	2	38	1055171475	36.62	38	38	38	0	38	38	8211054	6199928	6167992	8227926	9081	28817390
40	28815923	2	38	1055548629	36.63	38	38	38	0	38	38	8215926	6200698	6163892	8225985	9422	28817390
41	28815866	2	38	1056072693	36.65	38	38	38	0	38	38	8229936	6183143	6160579	8233137	9071	28817390
42	28815805	2	38	1055930412	36.64	38	38	38	0	38	38	8215679	6202505	6161352	8226919	9350	28817390
43	28815747	2	38	1053655382	36.57	38	38	38	0	38	38	8231341	6189092	6163551	8228747	3016	28817390
44	28815684	2	38	1054761416	36.60	38	38	38	0	38	38	8231079	6186146	6164028	8227268	7163	28817390
45	28815633	2	38	1055171500	36.62	38	38	38	0	38	38	8215377	6202957	6163704	8225104	8491	28817390
46	28815580	2	38	1054785211	36.60	38	38	38	0	38	38	8229065	6189025	6168596	8219682	9212	28817390
47	28815522	2	38	1054650790	36.60	38	38	38	0	38	38	8224592	6188486	6176401	8216513	9530	28817390
48	28815459	2	38	1054438863	36.59	38	38	38	0	38	38	8207589	6215888	6169236	8211386	11360	28817390
49	28815403	2	38	1054445037	36.59	38	38	38	0	38	38	8218178	6200230	6175080	8209372	12543	28817390
50	28815331	14	38	1035970123	35.95	37	38	38	1	36	38	8228872	6187697	6190678	8208084	0	28817390
51	28815273	14	38	1046912412	36.33	38	38	38	0	38	38	8216055	6204526	6173519	8221173	0	28817390
52	28815206	14	38	1050578773	36.46	38	38	38	0	38	38	8224420	6202075	6173250	8215461	0	28817390
53	28815134	2	38	1046722334	36.33	38	38	38	0	38	38	8191496	6152456	6141636	8163682	165864	28817390
54	28815060	2	38	1048663182	36.39	38	38	38	0	38	38	8187076	6185983	6149767	8190102	102132	28817390
55	28814969	2	38	1048595055	36.39	38	38	38	0	38	38	8199682	6176387	6155888	8185943	97069	28817390
56	28814896	2	38	1048836742	36.40	38	38	38	0	38	38	8206027	6161858	6160979	8181303	104729	28817390
57	28814825	2	38	1045086325	36.27	38	38	38	0	38	38	8162173	6170626	6138331	8157122	186573	28817390
58	28814747	2	38	1046136876	36.31	38	38	38	0	38	38	8171631	6161506	6151949	8162352	167309	28817390
59	28814672	2	38	1047195089	36.34	38	38	38	0	38	38	8195449	6176034	6162470	8177333	103386	28817390
60	28814592	2	38	1047620606	36.36	38	38	38	0	38	38	8182057	6197446	6153103	8181103	100883	28817390
61	28814521	2	38	1046898447	36.33	38	38	38	0	38	38	8187477	6180065	6158191	8184553	104235	28817390
62	28814441	2	38	1047438088	36.35	38	38	38	0	38	38	8183701	6172240	6161655	8189781	107064	28817390
63	28814352	2	38	1046591987	36.32	38	38	38	0	38	38	8180394	6194688	6149890	8182472	106908	28817390
64	28814262	2	38	1046770140	36.33	38	38	38	0	38	38	8192957	6179005	6153050	8178918	110332	28817390
65	28814148	2	38	1045939590	36.30	38	38	38	0	38	38	8206142	6167456	6159751	8172920	107879	28817390
66	28814055	2	38	1045853363	36.30	38	38	38	0	38	38	8181348	6185249	6160598	8173906	112954	28817390
67	28813941	2	38	1044910082	36.26	38	38	38	0	38	38	8187933	6175670	6169757	8167297	113284	28817390
68	28813832	2	38	1045303644	36.28	38	38	38	0	38	38	8188272	6175010	6171453	8168177	110920	28817390
69	28813722	2	38	1044060743	36.23	38	38	38	0	38	38	8179903	6190163	6159459	8172546	111651	28817390
70	28813591	2	38	1044513107	36.25	38	38	38	0	38	38	8185602	6178181	6168343	8171224	110241	28817390
71	28813477	2	38	1043593079	36.22	38	38	38	0	38	38	8189339	6173543	6163921	8176747	109927	28817390
72	28813340	2	38	1044017965	36.23	38	38	38	0	38	38	8170903	6199214	6151820	8183163	108240	28817390
73	28813201	2	38	1042723162	36.19	38	38	38	0	38	38	8191463	6179446	6153292	8176532	112468	28817390
74	28813058	2	38	1042737490	36.19	38	38	38	0	38	38	8192573	6164673	6157075	8183462	115275	28817390
75	28812898	2	38	1041604803	36.15	38	38	38	0	38	38	8177616	6186051	6150890	8179616	118725	28817390
76	28812736	2	38	1042093070	36.17	38	38	38	0	38	38	8187105	6176153	6156202	8176739	116537	28817390
77	28812555	2	38	1040682309	36.12	38	38	38	0	38	38	8194592	6165425	6168971	8167933	115634	28817390
78	28812388	2	38	1041020820	36.13	38	38	38	0	38	38	8188148	6175539	6159490	8176499	112712	28817390
79	28812196	2	38	1040230810	36.10	38	38	38	0	38	38	8179671	6179732	6175863	8169021	107909	28817390
80	28812011	2	38	1040134050	36.10	38	38	38	0	38	38	8177186	6188667	6164593	8167743	113822	28817390
81	28811815	2	38	1039236382	36.07	38	38	38	0	38	38	8175484	6196512	6155563	8171260	112996	28817390
82	28811615	2	38	1039679373	36.09	38	38	38	0	38	38	8186228	6180972	6164948	8168439	111028	28817390
83	28811397	2	38	1038414280	36.04	38	38	38	0	38	38	8189505	6177594	6165624	8169868	108806	28817390
84	28811172	2	38	1038498637	36.04	38	38	38	0	38	38	8179120	6194749	6152497	8180229	104577	28817390
85	28810930	2	38	1037659554	36.02	38	38	38	0	38	38	8188872	6186094	6159930	8176950	99084	28817390
86	28810682	2	38	1038061773	36.03	38	38	38	0	38	38	8198865	6173675	6164249	8175659	98234	28817390
87	28810434	2	38	1036679531	35.98	38	38	38	0	38	38	8180673	6189653	6170880	8169432	99796	28817390
88	28810145	2	38	1036872008	35.99	38	38	38	0	38	38	8186102	6187318	6163669	8172013	101043	28817390
89	28809858	2	38	1035195195	35.93	38	38	38	0	38	38	8188950	6177287	6167902	8173965	101754	28817390
90	28809553	2	38	1035617722	35.95	38	38	38	0	38	38	8171732	6193961	6170649	8176587	96624	28817390
91	28809217	2	38	1034283899	35.90	38	38	38	0	38	38	8180410	6183208	6173736	8174943	96920	28817390
92	28808873	2	38	1034850626	35.92	38	38	38	0	38	38	8182250	6186553	6171488	8172765	95817	28817390
93	28808514	2	38	1033601131	35.88	38	38	38	0	38	38	8179266	6192095	6160941	8179107	97105	28817390
94	28808157	2	38	1033433731	35.87	38	38	38	0	38	38	8190234	6175250	6165296	8176874	100503	28817390
95	28807803	2	38	1031054735	35.79	38	38	38	0	38	38	8187291	6173856	6171306	8170502	104848	28817390
96	28807458	2	38	1031617162	35.81	38	38	38	0	38	38	8178509	6187187	6162269	8177350	102143	28817390
97	28807437	2	38	1029997993	35.75	37	38	38	1	36	38	8189474	6178458	6161858	8173869	103778	28817390
98	28807425	2	38	1030466947	35.77	37	38	38	1	36	38	8196209	6173301	6162498	8174669	100748	28817390
99	28807419	2	38	1029047479	35.72	37	38	38	1	36	38	8173243	6193050	6167283	8175027	98816	28817390
100	28807412	2	38	1029306177	35.73	37	38	38	1	36	38	8183209	6190737	6172648	8169238	91580	28817390
101	28807398	2	38	1027757439	35.68	37	38	38	1	36	38	8182725	6179393	6174351	8176782	94147	28817390
102	28807391	2	38	1028301729	35.70	37	38	38	1	36	38	8180075	6185203	6171756	8173333	97024	28817390
103	28807385	2	38	1026555813	35.64	37	38	38	1	36	38	8176070	6184160	6173739	8173338	100078	28817390
104	28807380	2	38	1026907530	35.65	37	38	38	1	36	38	8195196	6173674	6170133	8173711	94666	28817390
105	28807371	2	38	1025047563	35.58	37	38	38	1	36	38	8180799	6186090	6159834	8179968	100680	28817390
106	28807362	2	38	1025347410	35.59	37	38	38	1	36	38	8192034	6177728	6165650	8175580	96370	28817390
107	28807350	2	38	1023478707	35.53	37	38	38	1	36	38	8195369	6172808	6166785	8173325	99063	28817390
108	28807337	2	38	1023547959	35.53	37	38	38	1	36	38	8172515	6195596	6166383	8176431	96412	28817390
109	28807334	2	38	1021719855	35.47	37	38	38	1	36	38	8183873	6177869	6163451	8183137	99004	28817390
110	28807319	2	38	1022186491	35.48	37	38	38	1	36	38	8187440	6170889	6171199	8176599	101192	28817390
111	28807319	2	38	1020368421	35.42	37	38	38	1	36	38	8170238	6189014	6176716	8174657	96694	28817390
112	28807319	2	38	1020852152	35.44	37	38	38	1	36	38	8176686	6183879	6168205	8178739	99810	28817390
113	28807319	2	38	1018879132	35.37	37	38	38	1	36	38	8186456	6178060	6172131	8171071	99601	28817390
114	28807319	2	38	1018336380	35.35	37	38	38	1	36	38	8180026	6187965	6168781	8174141	96406	28817390
115	28807319	2	38	1015988167	35.27	36	38	38	2	33	38	8182724	6183903	6169491	8171095	100106	28817390
116	28807319	2	38	1016730048	35.29	36	38	38	2	33	38	8191322	6177340	6167803	8174366	96488	28817390
117	28807319	2	38	1014555118	35.22	36	38	38	2	33	38	8171224	6186281	6164168	8185805	99841	28817390
118	28807319	2	38	1014573102	35.22	36	38	38	2	33	38	8187531	6180251	6161968	8179375	98194	28817390
119	28807319	2	38	1011979058	35.13	36	38	38	2	33	38	8186023	6170224	6176519	8175844	98709	28817390
120	28807319	2	38	1011553943	35.11	36	38	38	2	33	38	8174274	6197842	6165027	8170936	99240	28817390
121	28807319	2	38	1007748735	34.98	36	38	38	2	33	38	8173627	6167986	6145353	8155069	165284	28817390
122	28807319	2	38	1006877311	34.95	36	38	38	2	33	38	8170875	6153826	6161965	8154504	166149	28817390
123	28807319	2	38	1005930552	34.92	36	38	38	2	33	38	8176874	6186249	6167185	8175924	101087	28817390
124	28807319	2	38	1006123024	34.93	36	38	38	2	33	38	8177787	6182927	6167997	8177152	101456	28817390
125	28807319	2	38	1004396105	34.87	36	38	38	2	33	38	8183740	6175814	6168525	8178794	100446	28817390
126	28807319	2	38	909648242	31.58	28	36	38	10	13	38	8126208	6202500	6212262	8168367	97982	28817390
