column	count	min	max	sum	mean	Q1	med	Q3	IQR	lW	rW	A_Count	C_Count	G_Count	T_Count	N_Count	Max_count
1	20565	2	34	557708	27.12	27	27	28	1	26	29	19144	126	1083	211	1	20565
2	20565	2	34	549259	26.71	25	27	32	7	15	34	1344	166	239	18812	4	20565
3	20565	2	34	394010	19.16	18	18	18	0	18	18	352	12426	281	7498	8	20565
4	20565	2	34	343848	16.72	15	15	15	0	15	15	452	2678	14880	2546	9	20565
5	20565	2	34	483874	23.53	15	27	27	12	2	34	363	352	19425	416	9	20565
6	20565	2	38	340412	16.55	14	14	16	2	11	19	7632	322	12101	501	9	20565
7	20565	2	38	497103	24.17	16	26	29	13	2	38	19411	247	561	337	9	20565
8	20565	2	38	335407	16.31	14	14	16	2	11	19	4728	256	15208	364	9	20565
9	20565	2	38	378485	18.40	14	16	26	12	2	38	18292	246	1663	356	8	20565
10	20565	2	38	371195	18.05	14	16	16	2	11	19	1933	232	18033	358	9	20565
11	20565	2	38	334702	16.28	15	15	16	1	14	17	1173	10411	8526	447	8	20565
12	20565	2	38	409711	19.92	14	15	28	14	2	38	393	1026	18769	367	10	20565
13	20565	2	38	360249	17.52	14	14	16	2	11	19	536	450	11585	7985	9	20565
14	20565	2	38	363941	17.70	14	14	16	2	11	19	535	17021	1253	1747	9	20565
15	20565	2	38	395819	19.25	14	14	27	13	2	38	394	1214	18376	575	6	20565
16	20565	2	38	365094	17.75	14	14	24	10	2	38	459	488	6606	13005	7	20565
17	20565	2	38	422380	20.54	14	16	27	13	2	38	343	270	18518	1426	8	20565
18	20565	2	38	404519	19.67	14	15	25	11	2	38	357	248	4046	15906	8	20565
19	20565	2	38	346750	16.86	14	16	16	2	11	19	13706	295	1362	5194	8	20565
20	20565	2	38	374247	18.20	15	16	24	9	2	37	1522	286	17969	780	8	20565
21	20563	2	38	501025	24.37	16	27	28	12	2	38	479	183	19528	366	7	20565
22	20563	2	38	620719	30.19	27	34	36	9	14	38	349	199	19676	332	7	20565
23	20563	2	38	331334	16.11	14	14	16	2	11	19	4373	232	15505	446	7	20565
24	20542	2	38	398896	19.42	14	15	25	11	2	38	18820	255	1138	322	7	20565
25	20541	2	38	544031	26.49	24	28	33	9	11	38	19569	232	435	298	7	20565
26	20541	2	38	326997	15.92	14	15	15	1	13	16	9085	239	10836	373	8	20565
27	20541	2	38	389594	18.97	16	16	25	9	3	38	18540	218	1433	343	7	20565
28	20541	2	38	360211	17.54	16	16	16	0	16	16	2941	251	16984	356	9	20565
29	20541	2	38	339748	16.54	15	16	16	1	14	17	1715	271	9929	8618	8	20565
30	20534	2	38	374195	18.22	14	16	24	10	2	38	492	250	18414	1368	10	20565
31	20534	2	38	380210	18.52	14	16	24	10	2	38	419	287	4267	15551	10	20565
32	20534	2	38	341637	16.64	16	16	16	0	16	16	13397	261	1592	5274	10	20565
33	20534	2	38	329617	16.05	14	16	16	2	11	19	4788	291	14074	1373	8	20565
34	20534	2	38	352615	17.17	15	16	16	1	14	17	17422	317	2180	605	10	20565
35	20534	2	38	345409	16.82	16	16	16	0	16	16	6700	277	1062	12488	7	20565
36	20534	2	38	366799	17.86	16	16	16	0	16	16	4004	5759	1104	9657	10	20565
37	20534	2	38	450643	21.95	16	25	28	12	2	38	860	843	588	18234	9	20565
38	20534	2	38	362266	17.64	16	16	16	0	16	16	716	12124	575	7110	9	20565
39	20534	2	38	361105	17.59	15	16	16	1	14	17	752	4210	12566	2997	9	20565
40	20534	2	38	458357	22.32	15	25	28	13	2	38	415	520	18930	659	10	20565
41	20534	2	38	348609	16.98	14	14	16	2	11	19	558	472	10775	8719	10	20565
42	20534	2	38	384106	18.71	14	15	24	10	2	38	470	331	18141	1583	9	20565
43	20534	2	38	493649	24.04	14	26	29	15	2	38	394	312	19309	518	1	20565
44	20534	2	38	333085	16.22	14	14	14	0	14	14	453	361	14036	5678	6	20565
45	20534	2	38	325306	15.84	14	14	15	1	13	16	707	5559	9851	4409	8	20565
46	20534	2	38	384674	18.73	14	14	25	11	2	38	447	905	18325	849	8	20565
47	20534	2	38	319930	15.58	14	14	14	0	14	14	476	9874	9502	675	7	20565
48	20534	2	38	383117	18.66	14	15	25	11	2	38	428	18041	1610	446	9	20565
49	20534	2	38	329179	16.03	14	14	14	0	14	14	393	3608	16082	440	11	20565
50	20534	14	38	322123	15.69	14	14	14	0	14	14	587	1798	14966	3183	0	20565
51	20534	14	38	341158	16.61	14	14	15	1	14	16	8870	1530	7795	2339	0	20565
52	20534	14	38	370605	18.05	14	14	24	10	14	38	2466	719	2396	14953	0	20565
53	20534	2	38	354645	17.27	14	14	24	10	2	38	1190	12826	1381	5080	57	20565
54	20532	2	38	368710	17.96	14	15	24	10	2	38	13301	5073	893	1235	30	20565
55	20532	2	38	367075	17.88	15	15	16	1	14	17	4275	1412	923	13893	29	20565
56	20495	2	38	473700	23.11	15	26	27	12	2	38	690	456	589	18729	31	20565
57	20478	2	38	347727	16.98	15	15	16	1	14	17	10672	581	697	8462	66	20565
58	20478	2	38	434994	21.24	15	24	26	11	2	38	18447	419	540	1013	59	20565
59	20478	2	38	535958	26.17	24	26	34	10	9	38	19191	312	495	452	28	20565
60	20478	2	38	614497	30.01	26	34	36	10	11	38	19369	265	461	356	27	20565
61	20477	2	38	660698	32.27	29	36	38	9	16	38	19421	243	446	338	29	20565
62	20460	2	38	675533	33.02	32	37	38	6	23	38	19401	258	431	341	29	20565
63	20446	2	38	680154	33.27	32	38	38	6	23	38	19433	264	440	280	29	20565
64	20445	2	38	685946	33.55	33	38	38	5	26	38	19456	234	437	285	33	20565
65	20445	2	38	682428	33.38	32	38	38	6	23	38	19474	232	401	306	32	20565
66	20445	2	38	680210	33.27	32	38	38	6	23	38	19470	242	440	259	34	20565
67	20445	2	38	607775	29.73	25	34	38	13	6	38	19044	382	603	383	33	20565
68	20445	2	38	506723	24.78	14	25	34	20	2	38	18338	562	872	642	31	20565
69	20445	2	38	424097	20.74	14	24	25	11	2	38	17301	826	1363	923	32	20565
70	20445	2	38	389074	19.03	14	15	25	11	2	38	16430	963	1797	1224	31	20565
71	20445	2	38	369850	18.09	14	14	24	10	2	38	15286	1180	2479	1466	34	20565
72	20445	2	38	362269	17.72	14	14	24	10	2	38	14475	1313	2909	1719	29	20565
73	20445	2	38	356946	17.46	14	15	24	10	2	38	13406	1565	3534	1906	34	20565
74	20445	2	38	354488	17.34	14	14	24	10	2	38	12753	1628	3901	2129	34	20565
75	20445	2	38	355852	17.41	14	15	24	10	2	38	12287	1745	4078	2299	36	20565
76	20445	2	38	351082	17.17	14	14	16	2	11	19	11666	1811	4603	2329	36	20565
77	20445	2	38	351980	17.22	14	14	15	1	13	16	11306	1952	4655	2498	34	20565
78	20445	2	38	349887	17.11	14	14	15	1	13	16	10674	2027	4938	2773	33	20565
79	20445	2	38	348846	17.06	14	14	15	1	13	16	10329	2242	5210	2634	30	20565
80	20445	2	38	343407	16.80	14	14	15	1	13	16	9865	2335	5333	2879	33	20565
81	20445	2	38	346024	16.92	14	14	15	1	13	16	9467	2452	5482	3010	34	20565
82	20445	2	38	339228	16.59	14	14	15	1	13	16	9316	2446	5887	2764	32	20565
83	20445	2	38	341403	16.70	14	14	15	1	13	16	8666	2428	6428	2893	30	20565
84	20445	2	38	335237	16.40	13	14	15	2	10	18	8643	2436	6407	2929	30	20565
85	20445	2	38	335886	16.43	13	14	15	2	10	18	8120	2631	6628	3038	28	20565
86	20445	2	38	331789	16.23	13	14	15	2	10	18	7696	2580	7197	2945	27	20565
87	20445	2	38	333443	16.31	13	14	15	2	10	18	7586	2855	6925	3051	28	20565
88	20445	2	38	331054	16.19	13	14	15	2	10	18	7449	2927	7008	3033	28	20565
89	20445	2	38	331615	16.22	13	14	15	2	10	18	6924	2895	7451	3148	27	20565
90	20445	2	38	327792	16.03	13	14	15	2	10	18	6931	3043	7275	3168	28	20565
91	20445	2	38	330423	16.16	13	14	15	2	10	18	6915	3176	7193	3133	28	20565
92	20445	2	38	327032	16.00	13	14	15	2	10	18	6646	3109	7462	3200	28	20565
93	20445	2	38	327753	16.03	13	14	15	2	10	18	6550	3292	7345	3230	28	20565
94	20445	2	38	327737	16.03	13	14	15	2	10	18	7032	3037	7114	3235	27	20565
95	20445	2	38	327456	16.02	13	14	15	2	10	18	6832	3106	7093	3386	28	20565
96	20445	2	38	327832	16.03	13	14	15	2	10	18	6653	3314	7014	3436	28	20565
97	20445	2	38	328187	16.05	13	14	15	2	10	18	6898	3380	6771	3367	29	20565
98	20445	2	38	327453	16.02	13	14	15	2	10	18	6935	3173	6783	3525	29	20565
99	20445	2	38	326469	15.97	13	14	14	1	12	15	6816	3300	6766	3535	28	20565
100	20445	2	38	327385	16.01	13	14	15	2	10	18	7199	3201	6562	3456	27	20565
101	20445	2	38	326291	15.96	13	14	14	1	12	15	7330	3301	6511	3276	27	20565
102	20445	2	38	326146	15.95	13	14	14	1	12	15	7450	3180	6501	3288	26	20565
103	20445	2	38	325436	15.92	13	14	14	1	12	15	7723	3156	6314	3224	28	20565
104	20445	2	38	327175	16.00	13	14	14	1	12	15	7957	3127	6151	3184	26	20565
105	20445	2	38	325293	15.91	13	14	14	1	12	15	8035	3135	6138	3109	28	20565
106	20445	2	38	325699	15.93	13	14	14	1	12	15	8133	3040	6103	3141	28	20565
107	20445	2	38	324757	15.88	13	14	14	1	12	15	8115	3059	6180	3062	29	20565
108	20445	2	38	324973	15.89	13	14	14	1	12	15	8092	3069	6070	3187	27	20565
109	20445	2	38	324062	15.85	13	14	14	1	12	15	8121	3212	5973	3112	27	20565
110	20445	2	38	324065	15.85	13	14	14	1	12	15	7900	3148	6210	3158	29	20565
111	20445	2	38	324137	15.85	13	14	14	1	12	15	7747	3248	6191	3232	27	20565
112	20445	2	38	323558	15.83	13	14	14	1	12	15	7737	3252	6247	3181	28	20565
113	20445	2	38	323631	15.83	13	14	14	1	12	15	7615	3247	6334	3221	28	20565
114	20445	2	38	324264	15.86	13	14	14	1	12	15	7417	3355	6320	3327	26	20565
115	20445	2	38	322912	15.79	13	14	14	1	12	15	7460	3326	6335	3297	27	20565
116	20445	2	38	323859	15.84	13	14	14	1	12	15	7483	3374	6294	3268	26	20565
117	20445	2	38	322886	15.79	13	14	14	1	12	15	7378	3327	6391	3322	27	20565
118	20445	2	38	323352	15.82	13	14	14	1	12	15	7335	3402	6348	3333	27	20565
119	20445	2	38	323684	15.83	13	14	14	1	12	15	7093	3510	6479	3336	27	20565
120	20445	2	38	321948	15.75	13	14	14	1	12	15	7121	3378	6496	3422	28	20565
121	20445	2	38	322805	15.79	13	14	14	1	12	15	7104	3403	6456	3424	58	20565
122	20445	2	38	323075	15.80	13	14	14	1	12	15	7070	3475	6558	3285	57	20565
123	20445	2	38	323478	15.82	13	14	14	1	12	15	6909	3501	6574	3434	27	20565
124	20445	2	38	321625	15.73	13	14	14	1	12	15	7032	3595	6457	3333	28	20565
125	20445	2	38	322357	15.77	13	14	14	1	12	15	7045	3484	6505	3384	27	20565
126	20445	2	38	319168	15.61	13	14	14	1	12	15	7779	2778	6922	2938	28	20565
