column	count	min	max	sum	mean	Q1	med	Q3	IQR	lW	rW	A_Count	C_Count	G_Count	T_Count	N_Count	Max_count
1	28780629	2	34	944794737	32.83	33	34	34	1	32	34	8153890	6535262	3998587	9970410	122480	28780629
2	28780611	2	34	950678098	33.03	33	34	34	1	32	34	9087849	5419378	5833114	8440246	24	28780629
3	28780596	18	34	952090663	33.08	33	34	34	1	32	34	8686326	5829467	5794476	8470327	0	28780629
4	28780585	15	34	951085194	33.05	33	34	34	1	32	34	8238550	6068640	5784655	8688740	0	28780629
5	28780579	2	34	951748747	33.07	33	34	34	1	32	34	8072083	5842276	6158905	8705870	1445	28780629
6	28780574	14	38	1072846001	37.28	38	38	38	0	38	38	8219483	6174101	6279139	8107851	0	28780629
7	28780563	14	38	1065623349	37.03	38	38	38	0	38	38	8060724	5793986	6542678	8383175	0	28780629
8	28780556	14	38	1070077317	37.18	38	38	38	0	38	38	8303675	6099002	6271046	8106833	0	28780629
9	28780545	14	38	1072490429	37.26	38	38	38	0	38	38	8088781	6180737	6019711	8491316	0	28780629
10	28780533	14	38	1073014941	37.28	38	38	38	0	38	38	8200976	6255496	6121582	8202479	0	28780629
11	28780513	14	38	1073380268	37.30	38	38	38	0	38	38	8136554	6252983	6035499	8355477	0	28780629
12	28780497	14	38	1073021288	37.28	38	38	38	0	38	38	8270398	6186033	6028336	8295730	0	28780629
13	28780472	14	38	1073336180	37.29	38	38	38	0	38	38	8307662	6105803	6010513	8356494	0	28780629
14	28780439	2	38	1073146794	37.29	38	38	38	0	38	38	8300011	6076336	6058655	8345418	19	28780629
15	28780399	14	38	1073469275	37.30	38	38	38	0	38	38	8252646	6153505	6055224	8319024	0	28780629
16	28780359	2	38	1073023690	37.28	38	38	38	0	38	38	8263249	6102197	6056360	8358552	1	28780629
17	28780323	2	38	1073386543	37.30	38	38	38	0	38	38	8242962	6132126	6083588	8321489	158	28780629
18	28780282	2	38	1072041594	37.25	38	38	38	0	38	38	8229618	6191819	6095771	8262949	125	28780629
19	28780235	2	38	1072223702	37.26	38	38	38	0	38	38	8208919	6148398	6098422	8324457	39	28780629
20	28780190	2	38	1072586763	37.27	38	38	38	0	38	38	8219502	6164557	6117084	8279026	21	28780629
21	28780142	14	38	1073181625	37.29	38	38	38	0	38	38	8200787	6188605	6079852	8310898	0	28780629
22	28780097	2	38	1072962191	37.28	38	38	38	0	38	38	8204632	6180141	6062536	8332778	10	28780629
23	28780036	14	38	1073250275	37.29	38	38	38	0	38	38	8212427	6167995	6084531	8315083	0	28780629
24	28779971	2	38	1072571498	37.27	38	38	38	0	38	38	8232484	6179501	6084510	8283256	220	28780629
25	28779901	2	38	1072671790	37.27	38	38	38	0	38	38	8220207	6173022	6083818	8302722	132	28780629
26	28779832	2	38	1071449987	37.23	38	38	38	0	38	38	8226982	6153138	6112929	8285836	947	28780629
27	28779766	2	38	1071443199	37.23	38	38	38	0	38	38	8187914	6188334	6127966	8275530	22	28780629
28	28779708	14	38	1070782859	37.21	38	38	38	0	38	38	8195153	6194973	6116489	8273093	0	28780629
29	28779623	2	38	1070801255	37.21	38	38	38	0	38	38	8195926	6183350	6131685	8268016	646	28780629
30	28779564	2	38	1069643468	37.17	38	38	38	0	38	38	8183639	6197820	6147611	8250397	97	28780629
31	28779482	2	38	1070101638	37.18	38	38	38	0	38	38	8179035	6200192	6126942	8271215	2098	28780629
32	28779400	2	38	1069699941	37.17	38	38	38	0	38	38	8206790	6187042	6125787	8256953	2828	28780629
33	28779340	2	38	1070020506	37.18	38	38	38	0	38	38	8203787	6185819	6120761	8267977	996	28780629
34	28779262	2	38	1069349829	37.16	38	38	38	0	38	38	8204629	6177254	6125930	8268200	3249	28780629
35	28779196	2	38	1069559374	37.16	38	38	38	0	38	38	8218277	6171287	6146486	8241532	1614	28780629
36	28779121	2	38	1068871145	37.14	38	38	38	0	38	38	8211008	6191756	6123778	8249777	2802	28780629
37	28779035	2	38	1068724222	37.14	38	38	38	0	38	38	8208107	6176515	6132343	8259150	2920	28780629
38	28778980	2	38	1067803713	37.10	38	38	38	0	38	38	8220905	6170375	6165432	8220451	1817	28780629
39	28778911	2	38	1067485045	37.09	38	38	38	0	38	38	8185338	6198207	6163893	8228413	3060	28780629
40	28778829	2	38	1066575516	37.06	38	38	38	0	38	38	8182519	6207301	6147940	8238898	2171	28780629
41	28778750	2	38	1066559463	37.06	38	38	38	0	38	38	8195856	6192843	6155277	8232740	2034	28780629
42	28778686	2	38	1065913653	37.04	38	38	38	0	38	38	8193703	6203715	6154331	8226080	857	28780629
43	28778618	2	38	1065873263	37.04	38	38	38	0	38	38	8192174	6193350	6136657	8253165	3272	28780629
44	28778529	2	38	1065172492	37.01	38	38	38	0	38	38	8200076	6185219	6152972	8238426	1836	28780629
45	28778451	2	38	1065123019	37.01	38	38	38	0	38	38	8193612	6196581	6148908	8235237	4113	28780629
46	28778375	2	38	1064010469	36.97	38	38	38	0	38	38	8199809	6189243	6139641	8246875	2807	28780629
47	28778295	2	38	1064487010	36.99	38	38	38	0	38	38	8197384	6186725	6160702	8230799	2685	28780629
48	28778205	2	38	1063331530	36.95	38	38	38	0	38	38	8183912	6212544	6155808	8223220	2721	28780629
49	28778100	2	38	1063413925	36.95	38	38	38	0	38	38	8179960	6205074	6152844	8232065	8157	28780629
50	28778014	2	38	1062552789	36.92	38	38	38	0	38	38	8193466	6186580	6176619	8218511	2838	28780629
51	28777916	2	38	1062797957	36.93	38	38	38	0	38	38	8177852	6206800	6162199	8224606	6459	28780629
52	28777800	2	38	1061575552	36.89	38	38	38	0	38	38	8186338	6205634	6144538	8230435	10855	28780629
53	28777700	2	38	1058073572	36.77	38	38	38	0	38	38	8175646	6162076	6140834	8195505	103639	28780629
54	28777593	2	38	1059098239	36.80	38	38	38	0	38	38	8184215	6190711	6158006	8226832	17829	28780629
55	28777487	2	38	1059979050	36.83	38	38	38	0	38	38	8197042	6191156	6152821	8225359	11109	28780629
56	28777379	2	38	1059762209	36.83	38	38	38	0	38	38	8200048	6177351	6168426	8222684	8870	28780629
57	28777276	2	38	1060540318	36.85	38	38	38	0	38	38	8180811	6198322	6161769	8224263	12111	28780629
58	28777152	2	38	1059675513	36.82	38	38	38	0	38	38	8184137	6199459	6162928	8222341	8287	28780629
59	28777015	2	38	1059760232	36.83	38	38	38	0	38	38	8189352	6194495	6173895	8210407	8866	28780629
60	28776890	2	38	1058646967	36.79	38	38	38	0	38	38	8174141	6215789	6166555	8212517	7888	28780629
61	28776736	2	38	1057075574	36.73	38	38	38	0	38	38	8169383	6200446	6149023	8221500	36384	28780629
62	28776595	2	38	1054273909	36.64	38	38	38	0	38	38	8144199	6175799	6145598	8193643	117356	28780629
63	28776456	2	38	1056905314	36.73	38	38	38	0	38	38	8176881	6207102	6154504	8218289	19680	28780629
64	28776300	2	38	1056128995	36.70	38	38	38	0	38	38	8180993	6201096	6148095	8230386	15730	28780629
65	28776139	2	38	1057160731	36.74	38	38	38	0	38	38	8194088	6183901	6165804	8216829	15517	28780629
66	28775969	2	38	1056363033	36.71	38	38	38	0	38	38	8178978	6195032	6166861	8219472	15626	28780629
67	28775774	2	38	1056810395	36.73	38	38	38	0	38	38	8184210	6188003	6165311	8220805	17445	28780629
68	28775582	2	38	1055683074	36.69	38	38	38	0	38	38	8182747	6191227	6177929	8212258	11421	28780629
69	28775390	2	38	1056097733	36.70	38	38	38	0	38	38	8161509	6209514	6169405	8221582	13380	28780629
70	28775186	2	38	1054969187	36.66	38	38	38	0	38	38	8176356	6200886	6169933	8218521	9490	28780629
71	28774980	2	38	1055648729	36.69	38	38	38	0	38	38	8185293	6193874	6175224	8216748	3841	28780629
72	28774764	2	38	1055234742	36.67	38	38	38	0	38	38	8162408	6218546	6168630	8222225	2955	28780629
73	28774502	2	38	1054287327	36.64	38	38	38	0	38	38	8177279	6206757	6155432	8234497	537	28780629
74	28774253	2	38	1054559932	36.65	38	38	38	0	38	38	8190267	6183284	6173262	8226688	752	28780629
75	28773988	2	38	1054511589	36.65	38	38	38	0	38	38	8179865	6203074	6164765	8225191	1093	28780629
76	28773728	2	38	1054394648	36.64	38	38	38	0	38	38	8187145	6197299	6149251	8239057	976	28780629
77	28773422	2	38	1054065399	36.63	38	38	38	0	38	38	8198144	6185755	6179143	8209726	654	28780629
78	28773084	2	38	1053645912	36.62	38	38	38	0	38	38	8186672	6189509	6173400	8221985	1518	28780629
79	28772743	2	38	1053292021	36.61	38	38	38	0	38	38	8175257	6195060	6177591	8223407	1428	28780629
80	28772357	2	38	1052457521	36.58	38	38	38	0	38	38	8178045	6211641	6179349	8202259	1063	28780629
81	28771948	2	38	1052091752	36.57	38	38	38	0	38	38	8172140	6215294	6157158	8225349	2007	28780629
82	28771523	2	38	1051457935	36.55	38	38	38	0	38	38	8182288	6204977	6164014	8219357	887	28780629
83	28771080	2	38	1051108920	36.53	38	38	38	0	38	38	8180664	6201543	6177011	8210343	1519	28780629
84	28770604	2	38	1050468517	36.51	38	38	38	0	38	38	8178337	6205684	6160029	8225693	861	28780629
85	28770127	2	38	1049992481	36.50	38	38	38	0	38	38	8179930	6199077	6154322	8233793	3005	28780629
86	28769647	2	38	1048979157	36.46	38	38	38	0	38	38	8193347	6178294	6171918	8224168	1920	28780629
87	28769120	2	38	1048447947	36.44	38	38	38	0	38	38	8184596	6195043	6174970	8212542	1969	28780629
88	28768485	2	38	1047728387	36.42	38	38	38	0	38	38	8175791	6199089	6166249	8226404	952	28780629
89	28767840	2	38	1047430027	36.41	38	38	38	0	38	38	8180214	6196915	6174258	8213536	2917	28780629
90	28767156	2	38	1046658718	36.38	38	38	38	0	38	38	8176881	6203986	6176888	8207932	1469	28780629
91	28766432	2	38	1045958560	36.36	38	38	38	0	38	38	8167069	6198419	6168445	8230211	2288	28780629
92	28765679	2	38	1045165005	36.33	38	38	38	0	38	38	8174089	6197453	6174425	8218336	1376	28780629
93	28764889	2	38	1044794032	36.32	38	38	38	0	38	38	8173268	6209324	6156143	8225294	860	28780629
94	28764087	2	38	1044051386	36.30	38	38	38	0	38	38	8178569	6193377	6152029	8238261	1851	28780629
95	28763319	2	38	1043573630	36.28	38	38	38	0	38	38	8181982	6185554	6169909	8223553	2321	28780629
96	28762614	2	38	1042707765	36.25	38	38	38	0	38	38	8175083	6195542	6169394	8221279	1316	28780629
97	28762568	2	38	1042290929	36.24	38	38	38	0	38	38	8176656	6194015	6151895	8237376	2626	28780629
98	28762532	2	38	1041656973	36.22	38	38	38	0	38	38	8182165	6190115	6174778	8213341	2133	28780629
99	28762494	2	38	1041023663	36.19	38	38	38	0	38	38	8161699	6206714	6171092	8220596	2393	28780629
100	28762441	2	38	1039808650	36.15	38	38	38	0	38	38	8169061	6204589	6163970	8223480	1341	28780629
101	28762407	2	38	1039106418	36.13	38	38	38	0	38	38	8176479	6192239	6177256	8214747	1686	28780629
102	28762377	2	38	1037064053	36.06	37	38	38	1	36	38	8172771	6193470	6181209	8212528	2399	28780629
103	28762349	2	38	1037523228	36.07	37	38	38	1	36	38	8172584	6194289	6163867	8229195	2414	28780629
104	28762319	2	38	1035963710	36.02	37	38	38	1	36	38	8185060	6184639	6173648	8216598	2374	28780629
105	28762291	2	38	1035999351	36.02	37	38	38	1	36	38	8176928	6196479	6159550	8227900	1434	28780629
106	28762259	2	38	1035720012	36.01	37	38	38	1	36	38	8181702	6191445	6155980	8232237	895	28780629
107	28762221	2	38	1035286021	35.99	37	38	38	1	36	38	8192978	6183569	6174590	8210332	752	28780629
108	28762201	2	38	1034359019	35.96	37	38	38	1	36	38	8175009	6198894	6164341	8222824	1133	28780629
109	28762173	2	38	1032897862	35.91	37	38	38	1	36	38	8177128	6187501	6157859	8238425	1260	28780629
110	28762155	2	38	1031795353	35.87	37	38	38	1	36	38	8182556	6179358	6180760	8217857	1624	28780629
111	28762155	2	38	1031476593	35.86	37	38	38	1	36	38	8166116	6198782	6176295	8219349	1613	28780629
112	28762155	2	38	1030288502	35.82	37	38	38	1	36	38	8165995	6204750	6161786	8228113	1511	28780629
113	28762155	2	38	1029612698	35.80	37	38	38	1	36	38	8179429	6188653	6173766	8219598	709	28780629
114	28762155	2	38	1028656641	35.76	37	38	38	1	36	38	8173861	6187989	6173375	8225878	1052	28780629
115	28762155	2	38	1027949099	35.74	37	38	38	1	36	38	8177432	6188439	6162596	8232329	1359	28780629
116	28762155	2	38	1026525840	35.69	37	38	38	1	36	38	8184042	6186105	6164327	8226947	734	28780629
117	28762155	2	38	1026055532	35.67	37	38	38	1	36	38	8175083	6198468	6157842	8229554	1208	28780629
118	28762155	2	38	1025327569	35.65	37	38	38	1	36	38	8178101	6194188	6146493	8243073	300	28780629
119	28762155	2	38	1024462756	35.62	36	38	38	2	33	38	8171531	6179378	6179699	8230328	1219	28780629
120	28762155	2	38	1023154240	35.57	36	38	38	2	33	38	8171950	6205768	6162600	8220795	1042	28780629
121	28762155	2	38	1021721227	35.52	36	38	38	2	33	38	8183906	6190676	6157362	8229395	816	28780629
122	28762155	2	38	1021229707	35.51	36	38	38	2	33	38	8191931	6176558	6178969	8212923	1774	28780629
123	28762155	2	38	1020414559	35.48	36	38	38	2	33	38	8178377	6202143	6162877	8217767	991	28780629
124	28762155	2	38	1019308514	35.44	36	38	38	2	33	38	8173527	6196543	6153465	8238138	482	28780629
125	28762155	2	38	1018828443	35.42	36	38	38	2	33	38	8186043	6181348	6168494	8225484	786	28780629
126	28762155	2	38	936374886	32.56	31	36	38	7	21	38	8139078	6185387	6182332	8254575	783	28780629
