column	count	min	max	sum	mean	Q1	med	Q3	IQR	lW	rW	A_Count	C_Count	G_Count	T_Count	N_Count	Max_count
1	68648	2	34	1866820	27.19	27	27	28	1	26	29	64842	312	3007	480	7	68648
2	68647	2	34	1811504	26.39	25	27	32	7	15	34	3989	455	599	63585	19	68648
3	68647	2	34	1315876	19.17	18	18	18	0	18	18	997	41598	798	25222	32	68648
4	68647	2	34	1159405	16.89	15	15	15	0	15	15	1180	9201	51289	6950	27	68648
5	68646	2	34	1617943	23.57	15	27	27	12	2	34	867	809	65733	1207	30	68648
6	68646	2	38	1121746	16.34	14	14	16	2	11	19	26351	769	40012	1478	36	68648
7	68646	2	38	1643163	23.94	16	26	29	13	2	38	65531	675	1624	783	33	68648
8	68646	2	38	1118700	16.30	14	14	16	2	11	19	14131	659	52622	1199	35	68648
9	68646	2	38	1267980	18.47	14	16	26	12	2	38	62162	560	4925	968	31	68648
10	68645	2	38	1233135	17.96	14	16	16	2	11	19	6380	582	60581	1067	35	68648
11	68645	2	38	1114373	16.23	15	15	16	1	14	17	3885	35860	27535	1331	34	68648
12	68645	2	38	1370977	19.97	14	15	28	14	2	38	1017	2837	63754	1000	37	68648
13	68644	2	38	1201636	17.51	14	14	16	2	11	19	1535	1420	38016	27638	35	68648
14	68644	2	38	1205655	17.56	14	14	16	2	11	19	1448	57112	3980	6074	30	68648
15	68644	2	38	1306574	19.03	14	14	26	12	2	38	1101	3792	61934	1789	28	68648
16	68643	2	38	1216765	17.73	14	14	24	10	2	38	1222	1563	21960	43866	32	68648
17	68641	2	38	1395289	20.33	14	16	27	13	2	38	864	705	62478	4565	29	68648
18	68641	2	38	1345181	19.60	14	15	25	11	2	38	1046	744	12931	53886	34	68648
19	68641	2	38	1149224	16.74	14	16	16	2	11	19	45465	856	4425	17862	33	68648
20	68641	2	38	1245548	18.15	15	16	16	1	14	17	4916	643	60619	2434	29	68648
21	68638	2	38	1664748	24.25	16	27	28	12	2	38	982	618	65991	1010	37	68648
22	68638	2	38	2061391	30.03	27	34	36	9	14	38	786	512	66541	768	31	68648
23	68637	2	38	1100053	16.03	14	14	16	2	11	19	15356	729	51266	1253	33	68648
24	68577	2	38	1328957	19.38	14	15	25	11	2	38	63775	640	3271	860	31	68648
25	68575	2	38	1812188	26.43	24	28	33	9	11	38	66118	547	1111	765	34	68648
26	68574	2	38	1081583	15.77	14	15	15	1	13	16	30709	649	36208	975	33	68648
27	68572	2	38	1287228	18.77	16	16	25	9	3	38	62355	654	4551	975	37	68648
28	68571	2	38	1196220	17.44	16	16	16	0	16	16	9257	618	57675	986	35	68648
29	68569	2	38	1131092	16.50	15	16	16	1	14	17	6152	823	31626	29933	35	68648
30	68554	2	38	1244314	18.15	14	16	24	10	2	38	1344	661	62053	4460	36	68648
31	68553	2	38	1269840	18.52	15	16	25	10	2	38	1121	729	13847	52824	32	68648
32	68553	2	38	1135160	16.56	16	16	16	0	16	16	44690	717	5212	17901	33	68648
33	68553	2	38	1095385	15.98	14	16	16	2	11	19	16313	772	46690	4742	36	68648
34	68553	2	38	1171876	17.09	15	16	16	1	14	17	58483	829	7516	1688	37	68648
35	68551	2	38	1151072	16.79	16	16	16	0	16	16	21705	833	3316	42665	32	68648
36	68551	2	38	1226608	17.89	16	16	16	0	16	16	13214	19012	3819	32470	36	68648
37	68551	2	38	1501185	21.90	16	25	28	12	2	38	2455	2653	1773	61634	36	68648
38	68551	2	38	1207201	17.61	16	16	16	0	16	16	2243	40287	1629	24357	35	68648
39	68551	2	38	1203477	17.56	15	16	16	1	14	17	2127	14086	41872	10429	37	68648
40	68551	2	38	1518140	22.15	15	25	27	12	2	38	1208	1421	63942	1944	36	68648
41	68551	2	38	1163659	16.98	14	14	16	2	11	19	1601	1373	35974	29567	36	68648
42	68550	2	38	1273641	18.58	14	15	24	10	2	38	1215	1031	61225	5042	37	68648
43	68550	2	38	1623173	23.68	14	25	28	14	2	38	1060	799	65157	1524	10	68648
44	68550	2	38	1108720	16.17	14	14	14	0	14	14	1347	1017	46606	19561	19	68648
45	68550	2	38	1081515	15.78	14	14	15	1	13	16	2213	19008	32619	14687	23	68648
46	68550	2	38	1273505	18.58	14	14	25	11	2	38	1229	2799	61903	2596	23	68648
47	68550	2	38	1063613	15.52	14	14	14	0	14	14	1402	33530	31489	2105	24	68648
48	68550	2	38	1269018	18.51	14	15	24	10	2	38	1169	60909	5119	1320	33	68648
49	68550	2	38	1095599	15.98	14	14	14	0	14	14	1085	11974	54286	1171	34	68648
50	68550	14	38	1071781	15.64	14	14	14	0	14	14	1840	5849	49484	11377	0	68648
51	68550	14	38	1132861	16.53	14	14	15	1	14	16	29689	4979	25952	7930	0	68648
52	68544	14	38	1231409	17.97	14	14	24	10	14	38	7883	2463	8044	50154	0	68648
53	68543	2	38	1179900	17.21	14	14	16	2	11	19	3807	42663	4324	17553	196	68648
54	68541	2	38	1224468	17.86	14	15	24	10	2	38	44113	17181	2822	4299	126	68648
55	68540	2	38	1226054	17.89	15	15	16	1	14	17	13994	4812	2883	46726	125	68648
56	68500	2	38	1579346	23.06	15	26	27	12	2	38	2047	1325	1767	63228	133	68648
57	68476	2	38	1156360	16.89	15	15	16	1	14	17	35605	1713	2011	28901	246	68648
58	68474	2	38	1440904	21.04	15	16	26	11	2	38	62214	1221	1548	3285	206	68648
59	68474	2	38	1769562	25.84	16	26	34	18	2	38	64903	850	1353	1241	127	68648
60	68474	2	38	2037662	29.76	26	34	36	10	11	38	65387	718	1274	970	125	68648
61	68473	2	38	2194358	32.05	29	36	38	9	16	38	65613	692	1211	832	125	68648
62	68401	2	38	2243838	32.80	31	36	38	7	21	38	65678	658	1196	742	127	68648
63	68360	2	38	2265769	33.14	32	38	38	6	23	38	65662	663	1184	724	127	68648
64	68356	2	38	2282801	33.40	32	38	38	6	23	38	65753	617	1173	676	137	68648
65	68356	2	38	2271036	33.22	32	38	38	6	23	38	65706	655	1176	685	134	68648
66	68356	2	38	2261317	33.08	32	38	38	6	23	38	65681	699	1130	708	138	68648
67	68356	2	38	2001200	29.28	24	34	38	14	3	38	64185	1063	1801	1169	138	68648
68	68356	2	38	1663681	24.34	14	25	34	20	2	38	61461	1775	2921	2066	133	68648
69	68356	2	38	1395717	20.42	14	15	25	11	2	38	58092	2602	4442	3089	131	68648
70	68355	2	38	1290185	18.87	14	15	25	11	2	38	54880	3336	6025	3982	132	68648
71	68355	2	38	1223988	17.91	14	14	24	10	2	38	50627	4133	8603	4864	128	68648
72	68355	2	38	1202571	17.59	14	14	24	10	2	38	47947	4606	9768	5906	128	68648
73	68355	2	38	1185003	17.34	14	15	24	10	2	38	43933	5299	12607	6382	134	68648
74	68354	2	38	1178935	17.25	14	15	16	2	11	19	41909	5651	13400	7253	141	68648
75	68351	2	38	1180035	17.26	14	15	16	2	11	19	39830	5855	14725	7800	141	68648
76	68349	2	38	1168704	17.10	14	14	15	1	13	16	38062	6081	16117	7951	138	68648
77	68349	2	38	1175463	17.20	14	15	15	1	13	16	37164	6768	16062	8218	137	68648
78	68349	2	38	1166513	17.07	14	14	15	1	13	16	35194	6946	17200	8875	134	68648
79	68349	2	38	1161365	16.99	14	14	15	1	13	16	33789	7352	17900	9182	126	68648
80	68349	2	38	1147338	16.79	14	14	15	1	13	16	32296	7416	18852	9647	138	68648
81	68349	2	38	1149768	16.82	14	14	15	1	13	16	30917	8205	19143	9948	136	68648
82	68349	2	38	1132646	16.57	14	14	15	1	13	16	30174	7951	20416	9674	134	68648
83	68349	2	38	1139242	16.67	14	14	15	1	13	16	28003	8049	22455	9711	131	68648
84	68349	2	38	1120554	16.39	13	14	15	2	10	18	28060	7939	22062	10161	127	68648
85	68349	2	38	1123489	16.44	13	14	15	2	10	18	26153	8534	23418	10128	116	68648
86	68349	2	38	1106761	16.19	13	14	15	2	10	18	25399	8320	24563	9948	119	68648
87	68349	2	38	1112145	16.27	13	14	15	2	10	18	24855	8909	24060	10405	120	68648
88	68349	2	38	1102520	16.13	13	14	15	2	10	18	24327	9575	24137	10186	124	68648
89	68349	2	38	1105728	16.18	13	14	15	2	10	18	22764	9318	25754	10391	122	68648
90	68349	2	38	1093478	16.00	13	14	15	2	10	18	22673	9983	25233	10339	121	68648
91	68349	2	38	1098712	16.08	13	14	15	2	10	18	22492	10302	25102	10335	118	68648
92	68349	2	38	1090206	15.95	13	14	15	2	10	18	21527	10166	26020	10520	116	68648
93	68349	2	38	1093410	16.00	13	14	15	2	10	18	21176	10510	25460	11083	120	68648
94	68349	2	38	1089281	15.94	13	14	14	1	12	15	22511	10339	24629	10747	123	68648
95	68349	2	38	1091716	15.97	13	14	14	1	12	15	22051	10412	24233	11526	127	68648
96	68349	2	38	1090815	15.96	13	14	14	1	12	15	21390	10923	24310	11607	119	68648
97	68349	2	38	1088564	15.93	13	14	14	1	12	15	22426	10993	23601	11199	130	68648
98	68349	2	38	1090901	15.96	13	14	14	1	12	15	22120	10634	23721	11751	123	68648
99	68349	2	38	1088427	15.92	13	14	14	1	12	15	22412	10730	23051	12036	120	68648
100	68349	2	38	1086388	15.89	13	14	14	1	12	15	22968	10532	23011	11731	107	68648
101	68349	2	38	1090731	15.96	13	14	14	1	12	15	24177	10689	22073	11297	113	68648
102	68349	2	38	1088373	15.92	13	14	14	1	12	15	24430	10382	22347	11073	117	68648
103	68349	2	38	1087629	15.91	13	14	14	1	12	15	24979	10339	22202	10704	125	68648
104	68349	2	38	1086301	15.89	13	14	14	1	12	15	25646	10146	21321	11120	116	68648
105	68349	2	38	1084131	15.86	13	14	14	1	12	15	25813	10386	21266	10761	123	68648
106	68349	2	38	1085727	15.89	13	14	14	1	12	15	26768	9765	21235	10465	116	68648
107	68348	2	38	1080592	15.81	13	14	14	1	12	15	26570	10196	20964	10495	123	68648
108	68348	2	38	1083929	15.86	13	14	14	1	12	15	26937	10335	20657	10308	111	68648
109	68348	2	38	1083135	15.85	13	14	14	1	12	15	26867	10196	20946	10218	121	68648
110	68348	2	38	1083645	15.85	13	14	14	1	12	15	26377	10516	20907	10427	121	68648
111	68348	2	38	1078825	15.78	13	14	14	1	12	15	26032	10677	20975	10549	115	68648
112	68348	2	38	1081529	15.82	13	14	14	1	12	15	25682	10700	21235	10612	119	68648
113	68348	2	38	1080383	15.81	13	14	14	1	12	15	25318	10589	21490	10831	120	68648
114	68348	2	38	1078957	15.79	13	14	14	1	12	15	24917	10626	21675	11016	114	68648
115	68348	2	38	1077976	15.77	13	14	14	1	12	15	25078	10940	21434	10774	122	68648
116	68348	2	38	1080767	15.81	13	14	14	1	12	15	24919	11124	21260	10929	116	68648
117	68348	2	38	1078592	15.78	13	14	14	1	12	15	24453	11173	21638	10968	116	68648
118	68348	2	38	1079151	15.79	13	14	14	1	12	15	24436	11161	21280	11352	119	68648
119	68348	2	38	1077905	15.77	13	14	14	1	12	15	24000	11239	21619	11376	114	68648
120	68348	2	38	1078430	15.78	13	14	14	1	12	15	24169	11247	21482	11334	116	68648
121	68348	2	38	1078090	15.77	13	14	14	1	12	15	24020	11258	21538	11331	201	68648
122	68348	2	38	1076714	15.75	13	14	14	1	12	15	23887	11054	21798	11405	204	68648
123	68348	2	38	1077818	15.77	13	14	14	1	12	15	23790	11308	21985	11142	123	68648
124	68348	2	38	1075453	15.73	13	14	14	1	12	15	23671	11536	21799	11219	123	68648
125	68348	2	38	1074996	15.73	13	14	14	1	12	15	23807	11601	21610	11210	120	68648
126	68348	2	38	1064436	15.57	13	14	14	1	12	15	26353	8982	23330	9563	120	68648
