column	count	min	max	sum	mean	Q1	med	Q3	IQR	lW	rW	A_Count	C_Count	G_Count	T_Count	N_Count	Max_count
1	121183	2	34	3316939	27.37	27	27	28	1	26	29	116203	341	4049	586	4	121183
2	121183	2	34	3280951	27.07	25	27	32	7	15	34	5115	487	765	114789	27	121183
3	121183	2	34	2322457	19.16	18	18	18	0	18	18	1121	73340	1012	45668	42	121183
4	121183	2	34	2045432	16.88	15	15	15	0	15	15	1238	12558	95229	12123	35	121183
5	121183	2	34	2840372	23.44	15	27	27	12	2	34	676	971	117787	1707	42	121183
6	121183	2	38	1986348	16.39	14	14	16	2	11	19	38168	1056	79220	2685	54	121183
7	121183	2	38	2842322	23.45	15	26	28	13	2	38	116626	784	2566	1163	44	121183
8	121183	2	38	2016110	16.64	14	14	16	2	11	19	17466	765	101394	1513	45	121183
9	121183	2	38	2125713	17.54	14	15	16	2	11	19	107836	772	11183	1347	45	121183
10	121183	2	38	2215745	18.28	14	16	26	12	2	38	8049	660	110902	1524	48	121183
11	121183	2	38	1942323	16.03	14	15	16	2	11	19	4572	65797	48908	1860	46	121183
12	121183	2	38	2412060	19.90	14	14	28	14	2	38	1072	4025	114802	1232	52	121183
13	121183	2	38	2101007	17.34	14	14	16	2	11	19	1790	2449	66410	50490	44	121183
14	121183	2	38	2076999	17.14	14	14	16	2	11	19	1804	101821	7318	10194	46	121183
15	121183	2	38	2326505	19.20	14	14	27	13	2	38	1160	5321	112125	2537	40	121183
16	121183	2	38	2116423	17.46	14	14	24	10	2	38	1590	2701	39042	77809	41	121183
17	121183	2	38	2449639	20.21	14	15	27	13	2	38	1027	918	111940	7256	42	121183
18	121183	2	38	2334936	19.27	14	15	25	11	2	38	943	955	25188	94054	43	121183
19	121183	2	38	2009001	16.58	14	16	16	2	11	19	80065	1134	8940	30997	47	121183
20	121183	2	38	2237562	18.46	14	16	24	10	2	38	6575	762	110177	3626	43	121183
21	121183	2	38	3029294	25.00	16	27	28	12	2	38	1029	735	118165	1203	51	121183
22	121183	2	38	3705944	30.58	27	34	36	9	14	38	712	543	118952	932	44	121183
23	121177	2	38	1942515	16.03	14	14	16	2	11	19	24049	892	94131	2058	47	121183
24	121177	2	38	2332705	19.25	14	15	25	11	2	38	113429	787	5729	1182	50	121183
25	121177	2	38	3194344	26.36	24	27	33	9	11	38	118184	675	1367	903	48	121183
26	121084	2	38	1896858	15.67	14	15	15	1	13	16	47289	746	71655	1344	50	121183
27	121083	2	38	2267929	18.73	16	16	25	9	3	38	111746	821	7275	1189	52	121183
28	121083	2	38	2129335	17.59	16	16	16	0	16	16	13911	785	105101	1233	53	121183
29	121082	2	38	1995829	16.48	15	15	16	1	14	17	9216	1178	58725	51914	49	121183
30	121081	2	38	2235600	18.46	14	16	24	10	2	38	1797	894	111834	6503	53	121183
31	121080	2	38	2231064	18.43	14	16	24	10	2	38	1421	835	26498	92283	43	121183
32	121067	2	38	1985541	16.40	15	16	16	1	14	17	78366	871	9850	31933	47	121183
33	121065	2	38	1925265	15.90	14	15	16	2	11	19	23524	1016	89687	6788	50	121183
34	121065	2	38	2047737	16.91	15	16	16	1	14	17	102424	1011	15074	2505	51	121183
35	121065	2	38	2024159	16.72	16	16	16	0	16	16	36114	1029	6489	77386	47	121183
36	121065	2	38	2171525	17.94	16	16	16	0	16	16	21492	40439	6299	52782	53	121183
37	121065	2	38	2683013	22.16	16	25	28	12	2	38	3048	4294	2389	111285	49	121183
38	121065	2	38	2126579	17.57	16	16	16	0	16	16	2864	71904	2488	43757	52	121183
39	121065	2	38	2113344	17.46	15	16	16	1	14	17	3012	24522	76116	17364	51	121183
40	121065	2	38	2661871	21.99	15	24	27	12	2	38	1391	2138	114684	2800	52	121183
41	121064	2	38	2031064	16.78	14	14	16	2	11	19	2155	2279	66578	50004	48	121183
42	121064	2	38	2274139	18.78	14	15	25	11	2	38	1464	1378	110558	7611	53	121183
43	121064	2	38	2883372	23.82	14	25	28	14	2	38	1282	1021	116535	2217	9	121183
44	121064	2	38	1954950	16.15	14	14	14	0	14	14	1810	1472	80041	37717	24	121183
45	121064	2	38	1893599	15.64	14	14	15	1	13	16	3236	37103	55896	24800	29	121183
46	121064	2	38	2266779	18.72	14	14	25	11	2	38	1573	3916	111412	4129	34	121183
47	121064	2	38	1863833	15.40	14	14	14	0	14	14	2096	61327	54274	3335	32	121183
48	121064	2	38	2283838	18.86	14	15	25	11	2	38	1485	110351	7449	1729	50	121183
49	121064	2	38	1925302	15.90	14	14	14	0	14	14	1270	20730	97291	1719	54	121183
50	121064	14	38	1869782	15.44	14	14	14	0	14	14	2419	10300	88337	20008	0	121183
51	121064	14	38	1993268	16.46	14	14	14	0	14	14	53630	8373	45024	14037	0	121183
52	121064	14	38	2177616	17.99	14	14	24	10	14	38	13428	3145	13423	91068	0	121183
53	121064	2	38	2082633	17.20	14	14	24	10	2	38	6398	78609	7676	28102	279	121183
54	121062	2	38	2179612	18.00	14	15	24	10	2	38	81579	27978	4510	6821	174	121183
55	121057	2	38	2174590	17.96	15	15	16	1	14	17	24621	7719	4776	83779	162	121183
56	121053	2	38	2773724	22.91	15	25	27	12	2	38	3363	2281	2392	112835	182	121183
57	121053	2	38	2051121	16.94	15	15	16	1	14	17	65649	2591	3208	49267	338	121183
58	121013	2	38	2560665	21.16	15	24	26	11	2	38	111477	1579	1954	5716	287	121183
59	120971	2	38	3156176	26.09	24	26	34	10	9	38	116222	1238	1644	1690	177	121183
60	120971	2	38	3608773	29.83	26	34	36	10	11	38	117014	1049	1584	1150	174	121183
61	120971	2	38	3892002	32.17	29	36	38	9	16	38	117428	910	1421	1037	175	121183
62	120971	2	38	3981590	32.91	31	36	38	7	21	38	117561	847	1436	947	180	121183
63	120970	2	38	4010025	33.15	32	38	38	6	23	38	117514	886	1407	983	180	121183
64	120852	2	38	4036451	33.40	32	38	38	6	23	38	117541	832	1407	885	187	121183
65	120792	2	38	4004881	33.16	32	38	38	6	23	38	117378	805	1590	828	191	121183
66	120790	2	38	3986283	33.00	32	38	38	6	23	38	117248	841	1598	909	194	121183
67	120788	2	38	3451959	28.58	24	32	36	12	6	38	114007	1760	2899	1924	198	121183
68	120787	2	38	2834807	23.47	14	25	32	18	2	38	108372	3292	5186	3746	191	121183
69	120787	2	38	2428000	20.10	14	15	25	11	2	38	102020	4814	8209	5557	187	121183
70	120787	2	38	2258887	18.70	14	15	25	11	2	38	95835	6158	11501	7108	185	121183
71	120787	2	38	2151564	17.81	14	14	24	10	2	38	88778	7626	15628	8575	180	121183
72	120786	2	38	2118142	17.54	14	14	24	10	2	38	83678	8550	18583	9797	178	121183
73	120785	2	38	2080460	17.22	14	15	21	7	4	31	76115	9399	23796	11287	188	121183
74	120785	2	38	2080555	17.23	14	15	16	2	11	19	73095	10101	24596	12792	201	121183
75	120783	2	38	2062778	17.08	14	15	15	1	13	16	66391	10940	29925	13327	200	121183
76	120780	2	38	2052416	16.99	14	14	15	1	13	16	64541	11473	29919	14646	201	121183
77	120780	2	38	2066286	17.11	14	14	15	1	13	16	63155	11720	30748	14959	198	121183
78	120779	2	38	2036641	16.86	14	14	15	1	13	16	59454	12279	33514	15343	189	121183
79	120779	2	38	2044437	16.93	14	14	15	1	13	16	59473	13164	32710	15250	182	121183
80	120779	2	38	2023336	16.75	14	14	15	1	13	16	56356	13303	33958	16971	191	121183
81	120779	2	38	2026116	16.78	14	14	15	1	13	16	53957	14567	34923	17141	191	121183
82	120779	2	38	2001708	16.57	14	14	15	1	13	16	51645	14703	36135	18104	192	121183
83	120779	2	38	2010207	16.64	14	14	15	1	13	16	49439	16153	36376	18624	187	121183
84	120779	2	38	1977577	16.37	13	14	15	2	10	18	48198	15278	39794	17331	178	121183
85	120779	2	38	1974498	16.35	13	14	15	2	10	18	44544	15600	43113	17356	166	121183
86	120779	2	38	1959717	16.23	13	14	15	2	10	18	44101	15676	42196	18637	169	121183
87	120779	2	38	1965896	16.28	13	14	15	2	10	18	42226	16269	44123	17992	169	121183
88	120779	2	38	1936317	16.03	13	14	14	1	12	15	40447	15731	46606	17820	175	121183
89	120779	2	38	1944106	16.10	13	14	14	1	12	15	39637	16777	45270	18920	175	121183
90	120779	2	38	1931313	15.99	13	14	15	2	10	18	39032	18297	44704	18577	169	121183
91	120779	2	38	1929002	15.97	13	14	14	1	12	15	36833	17704	47695	18383	164	121183
92	120779	2	38	1920997	15.91	13	14	14	1	12	15	36616	19067	46421	18511	164	121183
93	120779	2	38	1922440	15.92	13	14	14	1	12	15	36414	20067	45837	18296	165	121183
94	120779	2	38	1915039	15.86	13	14	14	1	12	15	35175	19260	47705	18470	169	121183
95	120779	2	38	1917146	15.87	13	14	14	1	12	15	35019	19861	46268	19449	182	121183
96	120779	2	38	1916744	15.87	13	14	14	1	12	15	37060	19217	45024	19309	169	121183
97	120779	2	38	1915797	15.86	13	14	14	1	12	15	36524	19254	44050	20768	183	121183
98	120779	2	38	1919565	15.89	13	14	14	1	12	15	35704	20562	43778	20563	172	121183
99	120779	2	38	1915963	15.86	13	14	14	1	12	15	37585	20650	42550	19825	169	121183
100	120779	2	38	1913241	15.84	13	14	14	1	12	15	37273	19843	42476	21036	151	121183
101	120779	2	38	1914173	15.85	13	14	14	1	12	15	37552	20076	41728	21264	159	121183
102	120779	2	38	1915605	15.86	13	14	14	1	12	15	38775	19741	40863	21236	164	121183
103	120779	2	38	1910446	15.82	13	14	14	1	12	15	40945	19744	39827	20087	176	121183
104	120779	2	38	1909901	15.81	13	14	14	1	12	15	42429	19164	39383	19647	156	121183
105	120779	2	38	1908141	15.80	13	14	14	1	12	15	43265	19109	39166	19069	170	121183
106	120779	2	38	1907380	15.79	13	14	14	1	12	15	44881	18404	37937	19395	162	121183
107	120779	2	38	1907975	15.80	13	14	14	1	12	15	45282	18995	37742	18588	172	121183
108	120779	2	38	1908140	15.80	13	14	14	1	12	15	45838	18622	37622	18536	161	121183
109	120779	2	38	1906842	15.79	13	14	14	1	12	15	46022	18840	37375	18373	169	121183
110	120779	2	38	1909045	15.81	13	14	14	1	12	15	46419	18968	37031	18191	170	121183
111	120779	2	38	1904422	15.77	13	14	14	1	12	15	46492	18755	37012	18363	157	121183
112	120779	2	38	1905421	15.78	13	14	14	1	12	15	45538	19168	37292	18614	167	121183
113	120779	2	38	1902379	15.75	13	14	14	1	12	15	44597	19422	37697	18900	163	121183
114	120779	2	38	1903913	15.76	13	14	14	1	12	15	43452	19317	38766	19082	162	121183
115	120779	2	38	1899307	15.73	13	14	14	1	12	15	43197	19764	38769	18879	170	121183
116	120779	2	38	1899243	15.72	13	14	14	1	12	15	43559	19460	38302	19296	162	121183
117	120779	2	38	1899088	15.72	13	14	14	1	12	15	42191	20046	38638	19739	165	121183
118	120779	2	38	1899382	15.73	13	14	14	1	12	15	41991	20557	38439	19626	166	121183
119	120779	2	38	1895193	15.69	13	14	14	1	12	15	41485	20606	38833	19698	157	121183
120	120779	2	38	1899070	15.72	13	14	14	1	12	15	40930	20637	38828	20221	163	121183
121	120779	2	38	1899124	15.72	13	14	14	1	12	15	40426	20250	39447	20371	285	121183
122	120779	2	38	1900445	15.73	13	14	14	1	12	15	40677	20209	39306	20302	285	121183
123	120779	2	38	1893867	15.68	13	14	14	1	12	15	40457	21009	39183	19960	170	121183
124	120779	2	38	1890916	15.66	13	14	14	1	12	15	39817	21470	39231	20087	174	121183
125	120779	2	38	1892171	15.67	13	14	14	1	12	15	40596	21184	39264	19566	169	121183
126	120779	2	38	1878481	15.55	13	14	14	1	12	15	44305	16888	42463	16952	171	121183
