column	count	min	max	sum	mean	Q1	med	Q3	IQR	lW	rW	A_Count	C_Count	G_Count	T_Count	N_Count	Max_count
1	27495940	2	34	901536099	32.79	33	34	34	1	32	34	8317964	5922393	4907232	8233189	115162	27495940
2	27495892	2	34	907084412	32.99	33	34	34	1	32	34	8410602	5184282	5653565	8247410	33	27495940
3	27495790	18	34	908663898	33.05	33	34	34	1	32	34	8233193	5590369	5493636	8178592	0	27495940
4	27495409	15	34	907725181	33.01	33	34	34	1	32	34	7883651	5713676	5745157	8152925	0	27495940
5	27494981	2	34	908364150	33.04	33	34	34	1	32	34	7803581	5659137	6000238	8030598	1427	27495940
6	27494944	14	38	1024382681	37.26	38	38	38	0	38	38	7864848	5856011	5993765	7780320	0	27495940
7	27494928	14	38	1017471374	37.01	38	38	38	0	38	38	7837703	5686202	6120543	7850480	0	27495940
8	27494918	14	38	1021952891	37.17	38	38	38	0	38	38	7857348	5875517	5872952	7889101	0	27495940
9	27494901	14	38	1024295261	37.25	38	38	38	0	38	38	7742567	5919767	5780837	8051730	0	27495940
10	27494870	14	38	1024807766	37.27	38	38	38	0	38	38	7860719	5899260	5839093	7895798	0	27495940
11	27494850	14	38	1025171562	37.29	38	38	38	0	38	38	7862758	5895517	5795707	7940868	0	27495940
12	27494820	14	38	1024808012	37.27	38	38	38	0	38	38	7913802	5887600	5765190	7928228	0	27495940
13	27494730	14	38	1025082351	37.28	38	38	38	0	38	38	7937748	5832447	5779973	7944562	0	27495940
14	27494684	2	38	1024911947	37.28	38	38	38	0	38	38	7933592	5814164	5769249	7977658	21	27495940
15	27494644	14	38	1025202154	37.29	38	38	38	0	38	38	7909420	5875666	5770465	7939093	0	27495940
16	27494603	2	38	1024780073	37.27	38	38	38	0	38	38	7910439	5813106	5812113	7958941	4	27495940
17	27494564	2	38	1025139046	37.29	38	38	38	0	38	38	7892934	5845584	5800733	7955144	169	27495940
18	27494524	2	38	1023815794	37.24	38	38	38	0	38	38	7894104	5898743	5799991	7901587	99	27495940
19	27494483	2	38	1023978788	37.24	38	38	38	0	38	38	7890721	5847645	5818201	7937882	34	27495940
20	27494442	2	38	1024334062	37.26	38	38	38	0	38	38	7881622	5870269	5822770	7919758	23	27495940
21	27494398	14	38	1024931110	37.28	38	38	38	0	38	38	7866287	5897536	5799698	7930877	0	27495940
22	27494355	2	38	1024697807	37.27	38	38	38	0	38	38	7875003	5882899	5803518	7932920	15	27495940
23	27494302	14	38	1024960933	37.28	38	38	38	0	38	38	7871881	5877079	5817973	7927369	0	27495940
24	27494257	2	38	1024286097	37.25	38	38	38	0	38	38	7860624	5901875	5818673	7912871	214	27495940
25	27494198	2	38	1024378816	37.26	38	38	38	0	38	38	7862830	5894164	5834401	7902681	122	27495940
26	27494135	2	38	1023217026	37.22	38	38	38	0	38	38	7872301	5876943	5842699	7901281	911	27495940
27	27494075	2	38	1023189000	37.21	38	38	38	0	38	38	7837804	5907384	5850384	7898478	25	27495940
28	27494019	14	38	1022547231	37.19	38	38	38	0	38	38	7836969	5905976	5857845	7893229	0	27495940
29	27493955	2	38	1022578217	37.19	38	38	38	0	38	38	7841899	5895472	5860232	7895763	589	27495940
30	27493901	2	38	1021465331	37.15	38	38	38	0	38	38	7826119	5914529	5869376	7883777	100	27495940
31	27493835	2	38	1021900977	37.17	38	38	38	0	38	38	7835576	5903664	5861285	7891293	2017	27495940
32	27493767	2	38	1021486437	37.15	38	38	38	0	38	38	7851969	5890353	5856651	7892181	2613	27495940
33	27493700	2	38	1021791548	37.16	38	38	38	0	38	38	7842911	5904148	5858104	7887577	960	27495940
34	27493646	2	38	1021113732	37.14	38	38	38	0	38	38	7848197	5891765	5872238	7878492	2954	27495940
35	27493595	2	38	1021334623	37.15	38	38	38	0	38	38	7859309	5894633	5873654	7864477	1522	27495940
36	27493535	2	38	1020718030	37.13	38	38	38	0	38	38	7847821	5910739	5858154	7874224	2597	27495940
37	27493472	2	38	1020557133	37.12	38	38	38	0	38	38	7856143	5894170	5871466	7869045	2648	27495940
38	27493418	2	38	1019593528	37.09	38	38	38	0	38	38	7856388	5889476	5886346	7859479	1729	27495940
39	27493352	2	38	1019340122	37.08	38	38	38	0	38	38	7826444	5918828	5879444	7865711	2925	27495940
40	27493293	2	38	1018460743	37.04	38	38	38	0	38	38	7836705	5919006	5876945	7858669	1968	27495940
41	27493221	2	38	1018457529	37.04	38	38	38	0	38	38	7849200	5901884	5876060	7864130	1947	27495940
42	27493154	2	38	1017835572	37.02	38	38	38	0	38	38	7826513	5923812	5876013	7866002	814	27495940
43	27493081	2	38	1017814326	37.02	38	38	38	0	38	38	7840789	5909979	5873372	7865854	3087	27495940
44	27493013	2	38	1017093380	36.99	38	38	38	0	38	38	7844570	5906561	5876072	7864013	1797	27495940
45	27492943	2	38	1017033278	36.99	38	38	38	0	38	38	7829282	5914724	5877891	7867261	3785	27495940
46	27492883	2	38	1015924384	36.95	38	38	38	0	38	38	7845292	5906918	5882428	7855663	2582	27495940
47	27492813	2	38	1016393427	36.97	38	38	38	0	38	38	7839369	5904018	5888527	7858399	2500	27495940
48	27492735	2	38	1015242988	36.93	38	38	38	0	38	38	7827318	5928823	5882255	7851794	2545	27495940
49	27492673	2	38	1015356120	36.93	38	38	38	0	38	38	7833135	5917438	5888212	7846452	7436	27495940
50	27492617	2	38	1014460980	36.90	38	38	38	0	38	38	7833888	5907809	5893621	7854650	2649	27495940
51	27492548	2	38	1014702016	36.91	38	38	38	0	38	38	7821722	5921276	5884300	7859206	6044	27495940
52	27492467	2	38	1013492917	36.86	38	38	38	0	38	38	7827962	5915364	5885476	7853203	10462	27495940
53	27492394	2	38	1010178638	36.74	38	38	38	0	38	38	7812972	5884315	5865886	7831153	98068	27495940
54	27492312	2	38	1011101795	36.78	38	38	38	0	38	38	7822072	5917453	5881133	7854705	16949	27495940
55	27492234	2	38	1011934218	36.81	38	38	38	0	38	38	7833056	5911371	5889804	7847548	10455	27495940
56	27492158	2	38	1011713112	36.80	38	38	38	0	38	38	7837121	5903426	5883568	7859665	8378	27495940
57	27492073	2	38	1012488003	36.83	38	38	38	0	38	38	7820351	5926704	5879305	7854235	11478	27495940
58	27491987	2	38	1011624804	36.80	38	38	38	0	38	38	7827628	5913824	5892654	7850039	7842	27495940
59	27491908	2	38	1011706279	36.80	38	38	38	0	38	38	7832757	5907916	5892786	7850076	8373	27495940
60	27491826	2	38	1010630826	36.76	38	38	38	0	38	38	7816728	5933186	5883802	7850668	7442	27495940
61	27491741	2	38	1009113899	36.71	38	38	38	0	38	38	7817896	5909300	5887023	7842696	34826	27495940
62	27491634	2	38	1006437333	36.61	38	38	38	0	38	38	7791365	5887379	5871094	7830374	111422	27495940
63	27491517	2	38	1008954378	36.70	38	38	38	0	38	38	7813633	5924104	5880153	7855022	18605	27495940
64	27491420	2	38	1008172605	36.67	38	38	38	0	38	38	7826078	5909526	5888298	7852524	14994	27495940
65	27491306	2	38	1009154067	36.71	38	38	38	0	38	38	7835465	5905337	5889553	7846276	14675	27495940
66	27491197	2	38	1008348563	36.68	38	38	38	0	38	38	7815524	5921687	5891432	7847726	14828	27495940
67	27491091	2	38	1008776907	36.69	38	38	38	0	38	38	7822023	5915007	5896215	7841337	16509	27495940
68	27490973	2	38	1007716663	36.66	38	38	38	0	38	38	7822220	5910590	5898171	7849106	10886	27495940
69	27490865	2	38	1008131696	36.67	38	38	38	0	38	38	7811419	5927013	5890253	7849593	12587	27495940
70	27490723	2	38	1006975290	36.63	38	38	38	0	38	38	7821280	5914467	5895828	7850064	9084	27495940
71	27490585	2	38	1007675124	36.66	38	38	38	0	38	38	7826812	5912708	5894123	7853295	3647	27495940
72	27490437	2	38	1007191417	36.64	38	38	38	0	38	38	7805215	5940498	5890431	7851463	2830	27495940
73	27490294	2	38	1006315555	36.61	38	38	38	0	38	38	7824808	5922734	5893501	7848740	511	27495940
74	27490158	2	38	1006510538	36.61	38	38	38	0	38	38	7827282	5911972	5891086	7859103	715	27495940
75	27490025	2	38	1006494376	36.61	38	38	38	0	38	38	7816084	5929727	5886154	7857011	1049	27495940
76	27489862	2	38	1006362982	36.61	38	38	38	0	38	38	7827580	5920585	5887241	7853496	960	27495940
77	27489697	2	38	1006089152	36.60	38	38	38	0	38	38	7831243	5912531	5895999	7849291	633	27495940
78	27489506	2	38	1005668404	36.58	38	38	38	0	38	38	7823708	5923785	5890825	7849758	1430	27495940
79	27489319	2	38	1005303261	36.57	38	38	38	0	38	38	7826449	5915456	5902621	7843398	1395	27495940
80	27489107	2	38	1004506231	36.54	38	38	38	0	38	38	7822660	5926226	5893165	7846022	1034	27495940
81	27488887	2	38	1004125213	36.53	38	38	38	0	38	38	7813254	5933140	5884289	7856296	1908	27495940
82	27488639	2	38	1003506720	36.51	38	38	38	0	38	38	7818456	5921633	5903168	7844526	856	27495940
83	27488366	2	38	1003151947	36.49	38	38	38	0	38	38	7827404	5918447	5895508	7845541	1466	27495940
84	27488111	2	38	1002585377	36.47	38	38	38	0	38	38	7815300	5929880	5882836	7859277	818	27495940
85	27487824	2	38	1002043459	36.45	38	38	38	0	38	38	7821511	5920951	5886984	7855517	2861	27495940
86	27487516	2	38	1001100531	36.42	38	38	38	0	38	38	7825708	5907924	5895566	7856508	1810	27495940
87	27487199	2	38	1000546207	36.40	38	38	38	0	38	38	7816370	5924756	5894542	7849657	1874	27495940
88	27486853	2	38	999868593	36.38	38	38	38	0	38	38	7819380	5920404	5899762	7846433	874	27495940
89	27486503	2	38	999529506	36.36	38	38	38	0	38	38	7822318	5914048	5898154	7849224	2759	27495940
90	27486093	2	38	998745480	36.34	38	38	38	0	38	38	7808055	5930222	5896089	7850356	1371	27495940
91	27485707	2	38	998086182	36.31	38	38	38	0	38	38	7816197	5916442	5897087	7853827	2154	27495940
92	27485273	2	38	997314825	36.29	38	38	38	0	38	38	7818396	5918723	5899245	7847594	1315	27495940
93	27484796	2	38	996946314	36.27	38	38	38	0	38	38	7811559	5929292	5885804	7857322	819	27495940
94	27484324	2	38	996203245	36.25	38	38	38	0	38	38	7819516	5917457	5890463	7855126	1762	27495940
95	27483855	2	38	995722138	36.23	38	38	38	0	38	38	7826383	5907051	5895100	7853088	2233	27495940
96	27483432	2	38	994880127	36.20	38	38	38	0	38	38	7813112	5922660	5892382	7854029	1249	27495940
97	27483397	2	38	994417617	36.18	38	38	38	0	38	38	7821421	5917462	5892463	7849597	2454	27495940
98	27483371	2	38	993797252	36.16	38	38	38	0	38	38	7830932	5901373	5894754	7854292	2020	27495940
99	27483348	2	38	993167907	36.14	38	38	38	0	38	38	7803937	5926337	5896603	7854201	2270	27495940
100	27483319	2	38	991955320	36.09	38	38	38	0	38	38	7816736	5919617	5895116	7850557	1293	27495940
101	27483297	2	38	991202886	36.07	37	38	38	1	36	38	7818290	5912277	5898341	7852763	1626	27495940
102	27483281	2	38	989210264	35.99	37	38	38	1	36	38	7809924	5919782	5901294	7849977	2304	27495940
103	27483265	2	38	989697267	36.01	37	38	38	1	36	38	7820449	5913753	5894302	7852518	2243	27495940
104	27483247	2	38	988163151	35.96	37	38	38	1	36	38	7824174	5905626	5899614	7851680	2153	27495940
105	27483229	2	38	988103974	35.95	37	38	38	1	36	38	7818086	5921423	5883675	7858667	1378	27495940
106	27483217	2	38	987799819	35.94	37	38	38	1	36	38	7828602	5908420	5892017	7853390	788	27495940
107	27483203	2	38	987395626	35.93	37	38	38	1	36	38	7827282	5907757	5895520	7851926	718	27495940
108	27483181	2	38	986430012	35.89	37	38	38	1	36	38	7811619	5922972	5884758	7862775	1057	27495940
109	27483169	2	38	984956513	35.84	37	38	38	1	36	38	7819568	5907913	5895174	7859315	1199	27495940
110	27483152	2	38	983855004	35.80	37	38	38	1	36	38	7822431	5899899	5901117	7858191	1514	27495940
111	27483152	2	38	983448840	35.78	37	38	38	1	36	38	7808882	5927241	5892569	7852931	1529	27495940
112	27483152	2	38	982265348	35.74	37	38	38	1	36	38	7816101	5918807	5891160	7855652	1432	27495940
113	27483152	2	38	981577713	35.72	37	38	38	1	36	38	7823987	5914043	5890489	7853951	682	27495940
114	27483152	2	38	980675298	35.68	37	38	38	1	36	38	7807640	5917180	5890428	7866937	967	27495940
115	27483152	2	38	979941706	35.66	37	38	38	1	36	38	7816399	5915710	5889794	7860013	1236	27495940
116	27483152	2	38	978480486	35.60	36	38	38	2	33	38	7825941	5908122	5887460	7860970	659	27495940
117	27483152	2	38	977978154	35.58	36	38	38	2	33	38	7810880	5925952	5882779	7862486	1055	27495940
118	27483152	2	38	977151120	35.55	36	38	38	2	33	38	7817791	5915358	5887910	7861820	273	27495940
119	27483152	2	38	976292247	35.52	36	38	38	2	33	38	7817651	5904106	5898113	7862165	1117	27495940
120	27483152	2	38	974952987	35.47	36	38	38	2	33	38	7807707	5933056	5884101	7857312	976	27495940
121	27483152	2	38	973549004	35.42	36	38	38	2	33	38	7828395	5912366	5886339	7855215	837	27495940
122	27483152	2	38	972993810	35.40	36	38	38	2	33	38	7818753	5905633	5898981	7858085	1700	27495940
123	27483152	2	38	972138594	35.37	36	38	38	2	33	38	7810081	5924667	5889139	7858254	1011	27495940
124	27483152	2	38	970938878	35.33	36	38	38	2	33	38	7816448	5917449	5890547	7858215	493	27495940
125	27483152	2	38	970470690	35.31	36	38	38	2	33	38	7822223	5906205	5890801	7863161	762	27495940
126	27483152	2	38	889701050	32.37	31	36	38	7	21	38	7771811	5922506	5895178	7892869	788	27495940
