column	count	min	max	sum	mean	Q1	med	Q3	IQR	lW	rW	A_Count	C_Count	G_Count	T_Count	N_Count	Max_count
1	30076172	2	34	973329614	32.36	33	33	34	1	32	34	9315673	6337399	5154089	9266958	2053	30076172
2	30076165	2	34	978059144	32.52	33	33	34	1	32	34	9597522	5516500	6238437	8719261	4445	30076172
3	30076163	2	34	980383975	32.60	33	33	34	1	32	34	9212510	5983311	6194564	8678406	7372	30076172
4	30076156	2	34	978467727	32.53	33	33	34	1	32	34	8622315	6300388	6365354	8780604	7495	30076172
5	30076151	2	34	979437576	32.57	33	33	34	1	32	34	8552693	6155230	6523601	8836268	8359	30076172
6	30076145	2	38	1101533588	36.62	38	38	38	0	38	38	8633555	6413139	6558956	8461153	9342	30076172
7	30076142	2	38	1101627587	36.63	38	38	38	0	38	38	8551435	6168161	6706776	8641448	8322	30076172
8	30076136	2	38	1101598184	36.63	38	38	38	0	38	38	8674110	6349423	6438246	8606521	7836	30076172
9	30076118	2	38	1101769154	36.63	38	38	38	0	38	38	8522773	6417323	6320819	8807830	7373	30076172
10	30076105	2	38	1101652939	36.63	38	38	38	0	38	38	8636477	6410365	6373584	8647577	8102	30076172
11	30076086	2	38	1101897728	36.64	38	38	38	0	38	38	8632733	6403251	6320462	8711877	7763	30076172
12	30076060	2	38	1101525281	36.62	38	38	38	0	38	38	8698685	6399521	6279368	8689270	9216	30076172
13	30076032	2	38	1101873004	36.64	38	38	38	0	38	38	8710708	6325309	6296599	8735710	7706	30076172
14	30076013	2	38	1101854913	36.64	38	38	38	0	38	38	8733069	6305768	6296402	8732941	7833	30076172
15	30075979	2	38	1100970160	36.61	38	38	38	0	38	38	8689466	6368561	6277626	8733604	6722	30076172
16	30075943	2	38	1101673647	36.63	38	38	38	0	38	38	8663500	6323160	6329002	8753179	7102	30076172
17	30075893	2	38	1101983243	36.64	38	38	38	0	38	38	8672842	6341751	6324497	8729576	7227	30076172
18	30075849	2	38	1100662230	36.60	38	38	38	0	38	38	8652525	6395752	6322096	8697971	7505	30076172
19	30075804	2	38	1101466025	36.62	38	38	38	0	38	38	8663180	6348894	6333427	8722813	7490	30076172
20	30075759	2	38	1101733152	36.63	38	38	38	0	38	38	8655947	6372721	6351962	8687245	7884	30076172
21	30075696	2	38	1101750963	36.63	38	38	38	0	38	38	8638091	6406825	6325779	8696055	8946	30076172
22	30075636	2	38	1101469607	36.62	38	38	38	0	38	38	8645106	6397847	6316000	8708714	7969	30076172
23	30075588	2	38	1101802512	36.63	38	38	38	0	38	38	8637709	6386870	6343077	8699990	7942	30076172
24	30075520	2	38	1101585923	36.63	38	38	38	0	38	38	8625900	6413764	6352287	8674920	8649	30076172
25	30075468	2	38	1101526838	36.63	38	38	38	0	38	38	8633324	6401978	6363449	8668780	7937	30076172
26	30075399	2	38	1101354642	36.62	38	38	38	0	38	38	8638068	6391658	6372711	8664094	8868	30076172
27	30075330	2	38	1101409589	36.62	38	38	38	0	38	38	8594790	6427426	6386803	8657620	8691	30076172
28	30075254	2	38	1101404239	36.62	38	38	38	0	38	38	8602291	6429214	6385272	8649621	8856	30076172
29	30075174	2	38	1100457627	36.59	38	38	38	0	38	38	8616397	6415076	6394625	8640650	8426	30076172
30	30075117	2	38	1101044859	36.61	38	38	38	0	38	38	8593585	6437192	6397076	8637725	9539	30076172
31	30075067	2	38	1101446608	36.62	38	38	38	0	38	38	8605314	6430213	6385935	8644964	8641	30076172
32	30074992	2	38	1101510560	36.63	38	38	38	0	38	38	8628821	6419475	6380210	8637875	8611	30076172
33	30074942	2	38	1101453373	36.62	38	38	38	0	38	38	8614814	6428044	6390221	8633166	8697	30076172
34	30074873	2	38	1101103934	36.61	38	38	38	0	38	38	8625230	6408852	6405776	8625377	9638	30076172
35	30074810	2	38	1101152905	36.61	38	38	38	0	38	38	8632294	6419110	6409180	8605840	8386	30076172
36	30074743	2	38	1100828086	36.60	38	38	38	0	38	38	8617917	6438325	6391669	8616632	10200	30076172
37	30074675	2	38	1099818928	36.57	38	38	38	0	38	38	8631907	6419150	6413362	8601398	8858	30076172
38	30074617	2	38	1100316474	36.59	38	38	38	0	38	38	8628016	6417089	6429600	8590368	9544	30076172
39	30074541	2	38	1099337269	36.55	38	38	38	0	38	38	8590067	6447697	6426103	8601185	9489	30076172
40	30074462	2	38	1099716030	36.57	38	38	38	0	38	38	8604193	6441964	6414596	8603841	9868	30076172
41	30074398	2	38	1100274956	36.59	38	38	38	0	38	38	8612985	6427917	6414230	8609752	9514	30076172
42	30074332	2	38	1100113813	36.58	38	38	38	0	38	38	8591194	6453426	6417995	8601864	9853	30076172
43	30074279	2	38	1097672855	36.50	38	38	38	0	38	38	8610610	6438178	6416952	8605376	3163	30076172
44	30074207	2	38	1098868773	36.54	38	38	38	0	38	38	8610264	6432351	6419254	8604659	7679	30076172
45	30074137	2	38	1099278558	36.55	38	38	38	0	38	38	8595310	6449516	6419891	8600458	8962	30076172
46	30074067	2	38	1098882130	36.54	38	38	38	0	38	38	8607125	6439095	6420797	8597261	9789	30076172
47	30073986	2	38	1098774948	36.54	38	38	38	0	38	38	8605765	6440075	6426016	8592125	10005	30076172
48	30073926	2	38	1098564838	36.53	38	38	38	0	38	38	8594197	6463237	6421889	8582694	11909	30076172
49	30073871	2	38	1098559668	36.53	38	38	38	0	38	38	8601945	6447043	6427195	8584447	13241	30076172
50	30073790	14	38	1079199386	35.89	37	38	38	1	36	38	8610917	6437183	6446150	8579540	0	30076172
51	30073716	14	38	1090631223	36.27	37	38	38	1	36	38	8594940	6457049	6428258	8593469	0	30076172
52	30073664	14	38	1094446767	36.39	38	38	38	0	38	38	8601037	6453321	6430613	8588693	0	30076172
53	30073596	2	38	1090484235	36.26	38	38	38	0	38	38	8571189	6392820	6397264	8538157	174166	30076172
54	30073517	2	38	1092590136	36.33	38	38	38	0	38	38	8561984	6428885	6409703	8565525	107420	30076172
55	30073435	2	38	1092466986	36.33	38	38	38	0	38	38	8578495	6422070	6415978	8554902	101990	30076172
56	30073347	2	38	1092694954	36.33	38	38	38	0	38	38	8588051	6407554	6410495	8557160	110087	30076172
57	30073245	2	38	1088777270	36.20	38	38	38	0	38	38	8537989	6414200	6388410	8536529	196117	30076172
58	30073153	2	38	1089878523	36.24	38	38	38	0	38	38	8547770	6411829	6403903	8533917	175734	30076172
59	30073058	2	38	1091000810	36.28	38	38	38	0	38	38	8577736	6420529	6414561	8551683	108549	30076172
60	30072957	2	38	1091471962	36.29	38	38	38	0	38	38	8559055	6440859	6413252	8553727	106064	30076172
61	30072850	2	38	1090667732	36.27	38	38	38	0	38	38	8565694	6432415	6405830	8559264	109647	30076172
62	30072758	2	38	1091264709	36.29	38	38	38	0	38	38	8565857	6418880	6415864	8559619	112538	30076172
63	30072655	2	38	1090412663	36.26	38	38	38	0	38	38	8554602	6439815	6405661	8560247	112330	30076172
64	30072544	2	38	1090597345	36.27	38	38	38	0	38	38	8573620	6429920	6402416	8550573	116015	30076172
65	30072421	2	38	1089707007	36.24	38	38	38	0	38	38	8583618	6415913	6414312	8545168	113410	30076172
66	30072308	2	38	1089643820	36.23	38	38	38	0	38	38	8561087	6434830	6413606	8544047	118738	30076172
67	30072179	2	38	1088572110	36.20	38	38	38	0	38	38	8568828	6422713	6418620	8542976	119042	30076172
68	30072045	2	38	1089026571	36.21	38	38	38	0	38	38	8568034	6420998	6421936	8544393	116684	30076172
69	30071904	2	38	1087717545	36.17	38	38	38	0	38	38	8554237	6439310	6414381	8546723	117253	30076172
70	30071753	2	38	1088174745	36.19	38	38	38	0	38	38	8559202	6425641	6418465	8552561	115884	30076172
71	30071589	2	38	1087241123	36.16	38	38	38	0	38	38	8568172	6417046	6421256	8549583	115532	30076172
72	30071420	2	38	1087722879	36.17	38	38	38	0	38	38	8547709	6447760	6408410	8553754	113787	30076172
73	30071241	2	38	1086344377	36.13	38	38	38	0	38	38	8563674	6430376	6404258	8554646	118287	30076172
74	30071042	2	38	1086371333	36.13	38	38	38	0	38	38	8568146	6408805	6413878	8559129	121084	30076172
75	30070840	2	38	1085117876	36.09	38	38	38	0	38	38	8555525	6432771	6410913	8546993	124638	30076172
76	30070654	2	38	1085656966	36.10	38	38	38	0	38	38	8560451	6424160	6413868	8549738	122437	30076172
77	30070455	2	38	1084162797	36.05	38	38	38	0	38	38	8569623	6415877	6419312	8544137	121506	30076172
78	30070267	2	38	1084520897	36.07	38	38	38	0	38	38	8561434	6427186	6415371	8547772	118504	30076172
79	30069998	2	38	1083657908	36.04	38	38	38	0	38	38	8558893	6427928	6426117	8543644	113416	30076172
80	30069761	2	38	1083584513	36.04	38	38	38	0	38	38	8559264	6433628	6413086	8544152	119631	30076172
81	30069500	2	38	1082668724	36.01	38	38	38	0	38	38	8552861	6442344	6406551	8548855	118889	30076172
82	30069246	2	38	1083042025	36.02	38	38	38	0	38	38	8566161	6430212	6417203	8538928	116742	30076172
83	30068968	2	38	1081794801	35.98	38	38	38	0	38	38	8565833	6427064	6417308	8544479	114284	30076172
84	30068673	2	38	1081847802	35.98	38	38	38	0	38	38	8550468	6441536	6407799	8558838	110032	30076172
85	30068385	2	38	1080974266	35.95	38	38	38	0	38	38	8564281	6428212	6413403	8558321	104168	30076172
86	30068057	2	38	1081399663	35.97	38	38	38	0	38	38	8578151	6418552	6414871	8553249	103234	30076172
87	30067687	2	38	1079963716	35.92	38	38	38	0	38	38	8561499	6434981	6422046	8544241	104920	30076172
88	30067270	2	38	1080144723	35.92	38	38	38	0	38	38	8558676	6432080	6419362	8550971	106181	30076172
89	30066893	2	38	1078373727	35.87	38	38	38	0	38	38	8566279	6422963	6425420	8545270	106961	30076172
90	30066475	2	38	1078813723	35.88	38	38	38	0	38	38	8552965	6448463	6421180	8542217	101650	30076172
91	30065981	2	38	1077374752	35.83	38	38	38	0	38	38	8562793	6430213	6422341	8548773	101861	30076172
92	30065503	2	38	1077984132	35.85	38	38	38	0	38	38	8562189	6431175	6421547	8549932	100660	30076172
93	30065043	2	38	1076648986	35.81	38	38	38	0	38	38	8554052	6441965	6412362	8554658	102006	30076172
94	30064530	2	38	1076407646	35.80	38	38	38	0	38	38	8560735	6425957	6416905	8555341	105592	30076172
95	30064033	2	38	1073981108	35.72	37	38	38	1	36	38	8563682	6422774	6419365	8547905	110307	30076172
96	30063586	2	38	1074548122	35.74	37	38	38	1	36	38	8554680	6434888	6415331	8551315	107372	30076172
97	30063568	2	38	1072761758	35.68	37	38	38	1	36	38	8566854	6426650	6407007	8554133	108924	30076172
98	30063549	2	38	1073289785	35.70	37	38	38	1	36	38	8576759	6418234	6417007	8545617	105932	30076172
99	30063533	2	38	1071789360	35.65	37	38	38	1	36	38	8546801	6441785	6423370	8547804	103773	30076172
100	30063519	2	38	1072048029	35.66	37	38	38	1	36	38	8559887	6439903	6419598	8547879	96252	30076172
101	30063508	2	38	1070416115	35.61	37	38	38	1	36	38	8565651	6427767	6424348	8546894	98848	30076172
102	30063494	2	38	1071040052	35.63	37	38	38	1	36	38	8554758	6437284	6421230	8548191	102031	30076172
103	30063485	2	38	1069153044	35.56	37	38	38	1	36	38	8559198	6429036	6422416	8547652	105183	30076172
104	30063474	2	38	1069565131	35.58	37	38	38	1	36	38	8574243	6421489	6419725	8548459	99558	30076172
105	30063470	2	38	1067529684	35.51	37	38	38	1	36	38	8559442	6438156	6411819	8548204	105849	30076172
106	30063458	2	38	1067857990	35.52	37	38	38	1	36	38	8572743	6426139	6413757	8549514	101305	30076172
107	30063442	2	38	1065860097	35.45	37	38	38	1	36	38	8571892	6423312	6423068	8541222	103948	30076172
108	30063429	2	38	1065993235	35.46	37	38	38	1	36	38	8550776	6448611	6418874	8543860	101308	30076172
109	30063422	2	38	1064023283	35.39	37	38	38	1	36	38	8561496	6425455	6412926	8559371	104174	30076172
110	30063410	2	38	1064514956	35.41	37	38	38	1	36	38	8561574	6418219	6427040	8550098	106479	30076172
111	30063410	2	38	1062583981	35.34	37	38	38	1	36	38	8547499	6441058	6423491	8549676	101686	30076172
112	30063410	2	38	1063133999	35.36	37	38	38	1	36	38	8550368	6436878	6423655	8547609	104900	30076172
113	30063410	2	38	1061081968	35.29	37	38	38	1	36	38	8566623	6426150	6422876	8543040	104721	30076172
114	30063410	2	38	1060472531	35.27	36	38	38	2	33	38	8554245	6438732	6417982	8551007	101444	30076172
115	30063410	2	38	1057969871	35.19	36	38	38	2	33	38	8564338	6425513	6417314	8551056	105189	30076172
116	30063410	2	38	1058771792	35.22	36	38	38	2	33	38	8565630	6424225	6421117	8550907	101531	30076172
117	30063410	2	38	1056460954	35.14	36	38	38	2	33	38	8548779	6435894	6414415	8559228	105094	30076172
118	30063410	2	38	1056517632	35.14	36	38	38	2	33	38	8561001	6432737	6417008	8549383	103281	30076172
119	30063410	2	38	1053748391	35.05	36	38	38	2	33	38	8558967	6415306	6428943	8556448	103746	30076172
120	30063410	2	38	1053289574	35.04	36	38	38	2	33	38	8548956	6448499	6416512	8545235	104208	30076172
121	30063410	2	38	1049331573	34.90	36	38	38	2	33	38	8548606	6413710	6397003	8530475	173616	30076172
122	30063410	2	38	1048317842	34.87	36	38	38	2	33	38	8549682	6402969	6412839	8523266	174654	30076172
123	30063410	2	38	1047245569	34.83	36	38	38	2	33	38	8550074	6437809	6419788	8549390	106349	30076172
124	30063410	2	38	1047528896	34.84	36	38	38	2	33	38	8561460	6434256	6414929	8546108	106657	30076172
125	30063410	2	38	1045707071	34.78	35	38	38	3	31	38	8562958	6419221	6425029	8550451	105751	30076172
126	30063410	2	38	945655433	31.46	28	36	38	10	13	38	8494640	6458188	6467756	8539845	102981	30076172
