column	count	min	max	sum	mean	Q1	med	Q3	IQR	lW	rW	A_Count	C_Count	G_Count	T_Count	N_Count	Max_count
1	28826448	2	34	938097694	32.54	33	34	34	1	32	34	8606819	6486457	5544800	8101208	87164	28826448
2	28826263	2	34	943772966	32.74	33	34	34	1	32	34	8755673	5577218	5806550	8686771	51	28826448
3	28826195	18	34	946530798	32.84	33	34	34	1	32	34	8662556	5850887	5837854	8474898	0	28826448
4	28826148	15	34	945772733	32.81	33	34	34	1	32	34	8290190	6043055	6034202	8458701	0	28826448
5	28826080	15	34	947369174	32.87	33	34	34	1	32	34	8422906	5873884	6183330	8345960	0	28826448
6	28826064	14	38	1067695812	37.04	38	38	38	0	38	38	8305520	6161862	6179589	8179093	0	28826448
7	28826048	2	38	1061891662	36.84	38	38	38	0	38	38	8160469	5981205	6355243	8329117	14	28826448
8	28826035	14	38	1066590443	37.00	38	38	38	0	38	38	8286498	6100937	6123407	8315193	0	28826448
9	28826022	2	38	1068931067	37.08	38	38	38	0	38	38	8133210	6160928	6025107	8506646	131	28826448
10	28826007	14	38	1069374393	37.10	38	38	38	0	38	38	8242036	6182052	6129855	8272064	0	28826448
11	28825989	2	38	1069301707	37.10	38	38	38	0	38	38	8253030	6177505	6080000	8315356	98	28826448
12	28825969	14	38	1068640117	37.07	38	38	38	0	38	38	8322600	6155254	6055448	8292667	0	28826448
13	28825942	14	38	1069299392	37.10	38	38	38	0	38	38	8329730	6122630	6081641	8291941	0	28826448
14	28825916	2	38	1069030685	37.09	38	38	38	0	38	38	8361893	6073694	6053844	8336483	2	28826448
15	28825888	14	38	1069463369	37.10	38	38	38	0	38	38	8310525	6151451	6041088	8322824	0	28826448
16	28825854	14	38	1068786715	37.08	38	38	38	0	38	38	8314380	6088599	6079665	8343210	0	28826448
17	28825818	14	38	1069392376	37.10	38	38	38	0	38	38	8310771	6103148	6061739	8350160	0	28826448
18	28825773	2	38	1069101649	37.09	38	38	38	0	38	38	8291311	6162884	6064072	8307505	1	28826448
19	28825732	2	38	1069581472	37.11	38	38	38	0	38	38	8295624	6121820	6089694	8318487	107	28826448
20	28825702	2	38	1068917051	37.08	38	38	38	0	38	38	8283654	6141300	6093852	8306882	14	28826448
21	28825644	14	38	1069193484	37.09	38	38	38	0	38	38	8280061	6152881	6080933	8311769	0	28826448
22	28825601	2	38	1068940781	37.08	38	38	38	0	38	38	8263318	6163729	6086218	8312193	143	28826448
23	28825551	2	38	1068948076	37.08	38	38	38	0	38	38	8281248	6142659	6086443	8314552	649	28826448
24	28825482	2	38	1068265121	37.06	38	38	38	0	38	38	8252725	6157495	6088933	8326288	41	28826448
25	28825420	2	38	1068280359	37.06	38	38	38	0	38	38	8269939	6157058	6113087	8285069	267	28826448
26	28825368	2	38	1066757474	37.01	38	38	38	0	38	38	8277176	6129477	6105834	8312120	761	28826448
27	28825302	2	38	1066795874	37.01	38	38	38	0	38	38	8243234	6155654	6122782	8302812	820	28826448
28	28825241	2	38	1066116599	36.99	38	38	38	0	38	38	8238024	6168227	6128390	8289932	668	28826448
29	28825183	2	38	1065812998	36.98	38	38	38	0	38	38	8268767	6140403	6116911	8297991	1111	28826448
30	28825112	2	38	1065138554	36.95	38	38	38	0	38	38	8229509	6168347	6133685	8291298	2273	28826448
31	28825057	2	38	1065169533	36.95	38	38	38	0	38	38	8247047	6162661	6133813	8279771	1765	28826448
32	28824991	2	38	1064658984	36.94	38	38	38	0	38	38	8258720	6164872	6123081	8277551	767	28826448
33	28824935	2	38	1065082306	36.95	38	38	38	0	38	38	8247038	6167633	6119032	8290657	575	28826448
34	28824876	2	38	1064363498	36.93	38	38	38	0	38	38	8254414	6161754	6139456	8267057	2195	28826448
35	28824816	2	38	1064480916	36.93	38	38	38	0	38	38	8263558	6152460	6141184	8266668	946	28826448
36	28824756	2	38	1063689281	36.90	38	38	38	0	38	38	8252492	6162173	6125082	8281056	3953	28826448
37	28824694	2	38	1063506834	36.90	38	38	38	0	38	38	8256953	6157962	6146413	8260519	2847	28826448
38	28824643	2	38	1062783288	36.87	38	38	38	0	38	38	8271856	6141874	6148728	8259527	2658	28826448
39	28824582	2	38	1062211269	36.85	38	38	38	0	38	38	8239751	6168399	6139738	8274177	2517	28826448
40	28824530	2	38	1061517192	36.83	38	38	38	0	38	38	8234955	6172996	6153317	8260445	2817	28826448
41	28824477	2	38	1061491161	36.83	38	38	38	0	38	38	8259347	6155432	6142096	8265479	2123	28826448
42	28824413	2	38	1060699504	36.80	38	38	38	0	38	38	8236018	6174390	6138770	8273511	1724	28826448
43	28824351	2	38	1060443696	36.79	38	38	38	0	38	38	8247314	6169198	6140296	8264340	3203	28826448
44	28824276	2	38	1059502014	36.76	38	38	38	0	38	38	8256357	6157458	6139813	8267963	2685	28826448
45	28824194	2	38	1059807182	36.77	38	38	38	0	38	38	8236386	6174177	6140318	8268969	4344	28826448
46	28824125	2	38	1058782240	36.73	38	38	38	0	38	38	8253435	6162476	6145175	8257897	5142	28826448
47	28824039	2	38	1059199680	36.75	38	38	38	0	38	38	8257219	6154300	6147691	8262197	2632	28826448
48	28823952	2	38	1057806291	36.70	38	38	38	0	38	38	8231653	6175551	6136782	8272912	7054	28826448
49	28823862	2	38	1058024042	36.71	38	38	38	0	38	38	8246548	6167670	6157238	8246690	5716	28826448
50	28823776	2	38	1057076573	36.67	38	38	38	0	38	38	8248791	6153409	6151463	8263046	7067	28826448
51	28823691	2	38	1057572536	36.69	38	38	38	0	38	38	8230771	6165444	6151755	8265636	10085	28826448
52	28823593	2	38	1056607326	36.66	38	38	38	0	38	38	8237143	6178778	6154091	8250706	2875	28826448
53	28823504	2	38	1054503600	36.58	38	38	38	0	38	38	8246318	6140160	6135737	8248428	52861	28826448
54	28823400	2	38	1054861570	36.60	38	38	38	0	38	38	8231512	6163213	6140518	8267373	20784	28826448
55	28823292	2	38	1054842482	36.60	38	38	38	0	38	38	8239903	6166363	6149784	8253239	14003	28826448
56	28823175	2	38	1054144793	36.57	38	38	38	0	38	38	8248405	6154923	6147905	8259310	12632	28826448
57	28823048	2	38	1054367253	36.58	38	38	38	0	38	38	8232489	6171997	6140324	8261657	16581	28826448
58	28822935	2	38	1053716304	36.56	38	38	38	0	38	38	8225656	6173309	6157894	8251134	14942	28826448
59	28822818	2	38	1053900120	36.56	38	38	38	0	38	38	8244116	6159495	6154986	8247834	16387	28826448
60	28822684	2	38	1053377752	36.55	38	38	38	0	38	38	8228849	6177101	6150213	8256496	10025	28826448
61	28822559	2	38	1053107784	36.54	38	38	38	0	38	38	8229857	6171298	6151125	8252034	18245	28826448
62	28822427	2	38	1049279941	36.40	38	38	38	0	38	38	8222742	6139364	6131553	8227792	100976	28826448
63	28822273	2	38	1051504941	36.48	38	38	38	0	38	38	8220753	6170918	6141421	8265562	23619	28826448
64	28822131	2	38	1050701802	36.45	38	38	38	0	38	38	8242630	6172819	6148744	8244017	13921	28826448
65	28821977	2	38	1051308213	36.48	38	38	38	0	38	38	8259546	6147676	6143081	8252767	18907	28826448
66	28821804	2	38	1050355991	36.44	38	38	38	0	38	38	8228899	6166069	6146309	8260873	19654	28826448
67	28821612	2	38	1050957360	36.46	38	38	38	0	38	38	8236398	6171612	6154430	8244614	14558	28826448
68	28821436	2	38	1050110379	36.44	38	38	38	0	38	38	8243672	6159956	6150598	8252549	14661	28826448
69	28821265	2	38	1050394667	36.45	38	38	38	0	38	38	8223534	6176002	6156590	8254714	10425	28826448
70	28821066	2	38	1049516155	36.41	38	38	38	0	38	38	8235961	6177243	6160072	8245665	2125	28826448
71	28820845	2	38	1050087207	36.43	38	38	38	0	38	38	8248003	6160516	6154728	8257140	458	28826448
72	28820637	2	38	1049750604	36.42	38	38	38	0	38	38	8219910	6184606	6145324	8270504	293	28826448
73	28820385	2	38	1049726317	36.42	38	38	38	0	38	38	8237042	6176658	6157226	8249384	75	28826448
74	28820115	2	38	1049061061	36.40	38	38	38	0	38	38	8247840	6150969	6154874	8265769	663	28826448
75	28819859	2	38	1048619829	36.39	38	38	38	0	38	38	8226255	6173403	6147062	8272003	1136	28826448
76	28819582	2	38	1048058701	36.37	38	38	38	0	38	38	8234078	6172307	6160537	8251582	1078	28826448
77	28819295	2	38	1047587161	36.35	38	38	38	0	38	38	8252871	6150346	6153787	8261672	619	28826448
78	28818983	2	38	1047132615	36.33	38	38	38	0	38	38	8235331	6165409	6150679	8266829	735	28826448
79	28818651	2	38	1046636802	36.32	38	38	38	0	38	38	8232515	6169498	6166111	8249250	1277	28826448
80	28818287	2	38	1046269121	36.31	38	38	38	0	38	38	8237147	6173796	6154505	8251508	1331	28826448
81	28817960	2	38	1045907861	36.29	38	38	38	0	38	38	8222359	6183913	6149090	8260960	1638	28826448
82	28817561	2	38	1044918370	36.26	38	38	38	0	38	38	8231959	6173900	6159630	8250151	1921	28826448
83	28817167	2	38	1044437258	36.24	38	38	38	0	38	38	8241300	6169696	6154425	8250097	1649	28826448
84	28816725	2	38	1043851687	36.22	38	38	38	0	38	38	8227567	6176431	6137594	8272531	2602	28826448
85	28816277	2	38	1043201610	36.20	38	38	38	0	38	38	8233167	6177029	6147776	8256866	1439	28826448
86	28815765	2	38	1042138178	36.17	37	38	38	1	36	38	8253762	6153396	6154137	8251996	2474	28826448
87	28815239	2	38	1041639931	36.15	37	38	38	1	36	38	8230151	6166191	6146507	8270425	1965	28826448
88	28814727	2	38	1040871694	36.12	37	38	38	1	36	38	8226890	6171606	6160062	8254134	2035	28826448
89	28814122	2	38	1040474105	36.11	37	38	38	1	36	38	8241489	6155983	6157784	8255281	3585	28826448
90	28813493	2	38	1039431962	36.07	37	38	38	1	36	38	8222655	6170679	6154978	8262776	2405	28826448
91	28812893	2	38	1038767913	36.05	37	38	38	1	36	38	8227041	6169768	6166459	8247552	2073	28826448
92	28812174	2	38	1037897843	36.02	37	38	38	1	36	38	8233407	6158306	6156610	8261322	2529	28826448
93	28811514	2	38	1037542935	36.01	37	38	38	1	36	38	8222660	6176976	6143709	8265949	2220	28826448
94	28810826	2	38	1036811087	35.99	37	38	38	1	36	38	8224935	6173444	6148591	8261439	2417	28826448
95	28810190	2	38	1036225920	35.97	37	38	38	1	36	38	8241267	6155688	6153282	8255766	4187	28826448
96	28809650	2	38	1035567220	35.95	37	38	38	1	36	38	8221406	6165115	6145007	8275820	2302	28826448
97	28809611	2	38	1034929047	35.92	37	38	38	1	36	38	8238137	6161238	6150244	8257179	2813	28826448
98	28809587	2	38	1033777184	35.88	37	38	38	1	36	38	8247510	6148710	6148661	8262683	2023	28826448
99	28809561	2	38	1033462874	35.87	37	38	38	1	36	38	8222160	6165309	6150606	8270394	1092	28826448
100	28809529	2	38	1032521944	35.84	37	38	38	1	36	38	8223961	6176219	6161229	8247264	856	28826448
101	28809496	2	38	1031529838	35.81	37	38	38	1	36	38	8246133	6152142	6153373	8256853	995	28826448
102	28809472	2	38	1030524416	35.77	37	38	38	1	36	38	8217505	6168557	6149180	8273686	544	28826448
103	28809451	2	38	1030388035	35.77	37	38	38	1	36	38	8227739	6164193	6158329	8258869	321	28826448
104	28809425	2	38	1029327906	35.73	37	38	38	1	36	38	8241765	6153747	6145303	8267523	1087	28826448
105	28809393	2	38	1029229995	35.73	37	38	38	1	36	38	8224663	6167024	6139519	8277366	821	28826448
106	28809375	2	38	1028445132	35.70	37	38	38	1	36	38	8238147	6159692	6149298	8261543	695	28826448
107	28809357	2	38	1027505777	35.67	37	38	38	1	36	38	8244529	6153317	6147443	8262740	1328	28826448
108	28809347	2	38	1026868513	35.64	37	38	38	1	36	38	8225078	6166087	6142319	8274757	1106	28826448
109	28809329	2	38	1026460628	35.63	37	38	38	1	36	38	8234278	6162048	6148593	8263842	568	28826448
110	28809317	2	38	1024949740	35.58	36	38	38	2	33	38	8241709	6147296	6153564	8265889	859	28826448
111	28809317	2	38	1023865307	35.54	36	38	38	2	33	38	8219923	6168048	6155166	8265413	767	28826448
112	28809317	2	38	1022224174	35.48	36	38	38	2	33	38	8230022	6168406	6152823	8257907	159	28826448
113	28809317	2	38	1021071804	35.44	36	38	38	2	33	38	8239946	6154985	6150594	8261570	2222	28826448
114	28809317	2	38	1020155470	35.41	36	38	38	2	33	38	8222563	6165377	6143112	8276368	1897	28826448
115	28809317	2	38	1019591642	35.39	36	38	38	2	33	38	8230280	6167516	6149992	8260588	941	28826448
116	28809317	2	38	1018089759	35.34	36	38	38	2	33	38	8250580	6152055	6137532	8268079	1071	28826448
117	28809317	2	38	1017987244	35.34	36	38	38	2	33	38	8224349	6162481	6137694	8283320	1473	28826448
118	28809317	2	38	1016737815	35.29	36	38	38	2	33	38	8234837	6158198	6146636	8268994	652	28826448
119	28809317	2	38	1015659307	35.25	36	38	38	2	33	38	8241302	6153320	6150806	8263049	840	28826448
120	28809317	2	38	1014301284	35.21	36	38	38	2	33	38	8226000	6172054	6134714	8275871	678	28826448
121	28809317	2	38	1012858417	35.16	36	38	38	2	33	38	8242741	6159778	6142990	8262458	1350	28826448
122	28809317	2	38	1011230099	35.10	36	38	38	2	33	38	8245787	6147499	6147245	8267491	1295	28826448
123	28809317	2	38	1010978572	35.09	36	38	38	2	33	38	8229304	6158938	6145246	8275237	592	28826448
124	28809317	2	38	1010103272	35.06	35	38	38	3	31	38	8232271	6161106	6147653	8267754	533	28826448
125	28809317	2	38	1008578575	35.01	35	38	38	3	31	38	8245387	6148081	6144470	8270864	515	28826448
126	28809317	2	38	921870955	32.00	29	36	38	9	16	38	8194208	6141840	6146340	8326491	438	28826448
