column	count	min	max	sum	mean	Q1	med	Q3	IQR	lW	rW	A_Count	C_Count	G_Count	T_Count	N_Count	Max_count
1	29138758	2	34	957037304	32.84	33	34	34	1	32	34	8853849	6222117	5219334	8718711	124747	29138758
2	29138709	2	34	962909925	33.05	33	34	34	1	32	34	8970398	5464456	5993698	8710118	39	29138758
3	29138680	18	34	964495787	33.10	33	34	34	1	32	34	8768268	5893500	5852748	8624164	0	29138758
4	29138671	15	34	963684953	33.07	33	34	34	1	32	34	8409793	6054816	6070682	8603380	0	29138758
5	29138665	2	34	964348628	33.10	33	34	34	1	32	34	8333572	5975783	6302431	8525469	1410	29138758
6	29138658	14	38	1086765450	37.30	38	38	38	0	38	38	8389812	6175706	6274512	8298628	0	29138758
7	29138653	14	38	1079650993	37.05	38	38	38	0	38	38	8347562	5990378	6419164	8381549	0	29138758
8	29138644	14	38	1084152765	37.21	38	38	38	0	38	38	8381337	6178144	6177058	8402105	0	29138758
9	29138633	14	38	1086456048	37.29	38	38	38	0	38	38	8261008	6222156	6080433	8575036	0	29138758
10	29138622	14	38	1086950373	37.30	38	38	38	0	38	38	8380686	6205475	6158394	8394067	0	29138758
11	29138595	14	38	1087321075	37.32	38	38	38	0	38	38	8370807	6208049	6114766	8444973	0	29138758
12	29138565	14	38	1086989411	37.30	38	38	38	0	38	38	8431654	6195750	6072186	8438975	0	29138758
13	29138524	14	38	1087277959	37.31	38	38	38	0	38	38	8441855	6148197	6103632	8444840	0	29138758
14	29138504	2	38	1087119578	37.31	38	38	38	0	38	38	8439271	6126070	6090253	8482895	15	29138758
15	29138467	14	38	1087415186	37.32	38	38	38	0	38	38	8410394	6193688	6087697	8446688	0	29138758
16	29138430	2	38	1086979813	37.30	38	38	38	0	38	38	8423926	6122274	6120257	8471968	5	29138758
17	29138382	2	38	1087360644	37.32	38	38	38	0	38	38	8398870	6155609	6117398	8466351	154	29138758
18	29138344	2	38	1085964529	37.27	38	38	38	0	38	38	8403773	6208080	6113702	8412681	108	29138758
19	29138305	2	38	1086152839	37.28	38	38	38	0	38	38	8402569	6156056	6133934	8445702	44	29138758
20	29138252	2	38	1086554322	37.29	38	38	38	0	38	38	8386387	6180852	6145762	8425225	26	29138758
21	29138200	14	38	1087117673	37.31	38	38	38	0	38	38	8373716	6209815	6121228	8433441	0	29138758
22	29138150	2	38	1086906822	37.30	38	38	38	0	38	38	8377552	6201025	6123806	8435758	9	29138758
23	29138106	14	38	1087181845	37.31	38	38	38	0	38	38	8370375	6194179	6135662	8437890	0	29138758
24	29138040	2	38	1086507882	37.29	38	38	38	0	38	38	8355264	6218282	6147002	8417248	244	29138758
25	29137989	2	38	1086605871	37.29	38	38	38	0	38	38	8360273	6212225	6156332	8409035	124	29138758
26	29137922	2	38	1085415180	37.25	38	38	38	0	38	38	8373702	6192997	6161359	8408856	1008	29138758
27	29137862	2	38	1085406681	37.25	38	38	38	0	38	38	8335873	6224547	6175058	8402364	20	29138758
28	29137797	14	38	1084748120	37.23	38	38	38	0	38	38	8342166	6222764	6178174	8394693	0	29138758
29	29137745	2	38	1084764020	37.23	38	38	38	0	38	38	8346906	6212392	6178297	8399494	656	29138758
30	29137675	2	38	1083613838	37.19	38	38	38	0	38	38	8330635	6235032	6186520	8385367	121	29138758
31	29137614	2	38	1084064180	37.20	38	38	38	0	38	38	8344531	6227607	6181081	8382246	2149	29138758
32	29137552	2	38	1083675683	37.19	38	38	38	0	38	38	8362491	6213065	6173680	8385464	2852	29138758
33	29137499	2	38	1083994244	37.20	38	38	38	0	38	38	8343506	6227376	6176062	8389529	1026	29138758
34	29137447	2	38	1083352110	37.18	38	38	38	0	38	38	8358150	6208394	6195892	8371837	3174	29138758
35	29137389	2	38	1083572565	37.19	38	38	38	0	38	38	8357758	6210083	6199879	8368013	1656	29138758
36	29137331	2	38	1082859028	37.16	38	38	38	0	38	38	8349509	6232275	6181181	8371557	2809	29138758
37	29137274	2	38	1082737679	37.16	38	38	38	0	38	38	8356119	6215821	6190287	8372151	2896	29138758
38	29137211	2	38	1081798952	37.13	38	38	38	0	38	38	8354116	6210633	6210295	8360347	1820	29138758
39	29137156	2	38	1081561126	37.12	38	38	38	0	38	38	8330801	6236412	6199017	8367811	3115	29138758
40	29137100	2	38	1080596811	37.09	38	38	38	0	38	38	8340399	6235882	6202095	8356555	2169	29138758
41	29137032	2	38	1080604786	37.09	38	38	38	0	38	38	8347081	6222709	6198045	8367127	2070	29138758
42	29136968	2	38	1079927734	37.06	38	38	38	0	38	38	8333328	6237799	6195284	8369749	808	29138758
43	29136896	2	38	1079881884	37.06	38	38	38	0	38	38	8341927	6231518	6195027	8365180	3244	29138758
44	29136836	2	38	1079222186	37.04	38	38	38	0	38	38	8345129	6222001	6200168	8367771	1767	29138758
45	29136778	2	38	1079158340	37.04	38	38	38	0	38	38	8331703	6239114	6197951	8363917	4093	29138758
46	29136725	2	38	1078025752	37.00	38	38	38	0	38	38	8345977	6224023	6202824	8361005	2896	29138758
47	29136656	2	38	1078516034	37.02	38	38	38	0	38	38	8341443	6220126	6211975	8360385	2727	29138758
48	29136582	2	38	1077376774	36.98	38	38	38	0	38	38	8323960	6249370	6197933	8362671	2648	29138758
49	29136497	2	38	1077474350	36.98	38	38	38	0	38	38	8332506	6238493	6205552	8351826	8120	29138758
50	29136431	2	38	1076537161	36.95	38	38	38	0	38	38	8341279	6220607	6217004	8354767	2774	29138758
51	29136345	2	38	1076824098	36.96	38	38	38	0	38	38	8322252	6238265	6203724	8365690	6414	29138758
52	29136274	2	38	1075603850	36.92	38	38	38	0	38	38	8331292	6230382	6210533	8352863	11204	29138758
53	29136188	2	38	1072081149	36.80	38	38	38	0	38	38	8313769	6200200	6188543	8328908	104768	29138758
54	29136108	2	38	1073058837	36.83	38	38	38	0	38	38	8322134	6231051	6206595	8358524	17804	29138758
55	29136024	2	38	1073947017	36.86	38	38	38	0	38	38	8332922	6229753	6213236	8349087	11026	29138758
56	29135942	2	38	1073729030	36.85	38	38	38	0	38	38	8344396	6219915	6211178	8351621	8832	29138758
57	29135841	2	38	1074520721	36.88	38	38	38	0	38	38	8316270	6237843	6203900	8365705	12123	29138758
58	29135778	2	38	1073669440	36.85	38	38	38	0	38	38	8331395	6231733	6216556	8347799	8295	29138758
59	29135679	2	38	1073759888	36.85	38	38	38	0	38	38	8337575	6226731	6215466	8347068	8839	29138758
60	29135587	2	38	1072691962	36.82	38	38	38	0	38	38	8318806	6249129	6206853	8353008	7791	29138758
61	29135498	2	38	1071077983	36.76	38	38	38	0	38	38	8324438	6228634	6205446	8339758	37222	29138758
62	29135378	2	38	1068200458	36.66	38	38	38	0	38	38	8294674	6201678	6191450	8328794	118782	29138758
63	29135239	2	38	1070909440	36.76	38	38	38	0	38	38	8311081	6246056	6200039	8358462	19601	29138758
64	29135107	2	38	1070146575	36.73	38	38	38	0	38	38	8326071	6235715	6209642	8347853	15826	29138758
65	29134990	2	38	1071141054	36.76	38	38	38	0	38	38	8329101	6217873	6220393	8352111	15512	29138758
66	29134862	2	38	1070359789	36.74	38	38	38	0	38	38	8317897	6238135	6212915	8350150	15765	29138758
67	29134744	2	38	1070783099	36.75	38	38	38	0	38	38	8325843	6230201	6215871	8345412	17417	29138758
68	29134585	2	38	1069690672	36.72	38	38	38	0	38	38	8325288	6225988	6219547	8352270	11492	29138758
69	29134451	2	38	1070087290	36.73	38	38	38	0	38	38	8314054	6246586	6211320	8349025	13466	29138758
70	29134289	2	38	1068941312	36.69	38	38	38	0	38	38	8322786	6233712	6220804	8347128	9859	29138758
71	29134086	2	38	1069633741	36.71	38	38	38	0	38	38	8328004	6229363	6221591	8351094	4034	29138758
72	29133910	2	38	1069194094	36.70	38	38	38	0	38	38	8310135	6255334	6208318	8357062	3061	29138758
73	29133727	2	38	1068234675	36.67	38	38	38	0	38	38	8326656	6237017	6212808	8356710	536	29138758
74	29133540	2	38	1068502214	36.68	38	38	38	0	38	38	8332646	6225239	6215021	8359847	787	29138758
75	29133320	2	38	1068494999	36.68	38	38	38	0	38	38	8321115	6243843	6209483	8357741	1138	29138758
76	29133105	2	38	1068336688	36.67	38	38	38	0	38	38	8327479	6239609	6210330	8354689	998	29138758
77	29132899	2	38	1068046381	36.66	38	38	38	0	38	38	8334547	6227144	6217383	8353145	680	29138758
78	29132670	2	38	1067627082	36.65	38	38	38	0	38	38	8323983	6237366	6211353	8358414	1554	29138758
79	29132410	2	38	1067261745	36.63	38	38	38	0	38	38	8324823	6236367	6221919	8347799	1502	29138758
80	29132175	2	38	1066390394	36.61	38	38	38	0	38	38	8324192	6242534	6213333	8351020	1096	29138758
81	29131839	2	38	1066038289	36.59	38	38	38	0	38	38	8317961	6251203	6203977	8356673	2025	29138758
82	29131518	2	38	1065360021	36.57	38	38	38	0	38	38	8324004	6238389	6216646	8351570	909	29138758
83	29131201	2	38	1065039749	36.56	38	38	38	0	38	38	8325542	6234854	6216814	8352424	1567	29138758
84	29130874	2	38	1064476214	36.54	38	38	38	0	38	38	8312007	6250347	6203600	8364052	868	29138758
85	29130492	2	38	1063915955	36.52	38	38	38	0	38	38	8324336	6235850	6210168	8357031	3107	29138758
86	29130100	2	38	1062957364	36.49	38	38	38	0	38	38	8335031	6225622	6215163	8352368	1916	29138758
87	29129689	2	38	1062448695	36.47	38	38	38	0	38	38	8316758	6242685	6214427	8353795	2024	29138758
88	29129290	2	38	1061706069	36.45	38	38	38	0	38	38	8323605	6234212	6217733	8352810	930	29138758
89	29128849	2	38	1061402671	36.44	38	38	38	0	38	38	8325627	6232666	6215309	8352309	2938	29138758
90	29128360	2	38	1060624244	36.41	38	38	38	0	38	38	8312999	6247541	6218597	8347734	1489	29138758
91	29127902	2	38	1059894469	36.39	38	38	38	0	38	38	8323105	6237159	6217230	8348082	2326	29138758
92	29127359	2	38	1059135009	36.36	38	38	38	0	38	38	8318026	6237931	6213297	8356681	1424	29138758
93	29126791	2	38	1058789064	36.35	38	38	38	0	38	38	8316177	6247996	6205699	8356043	876	29138758
94	29126298	2	38	1057970020	36.32	38	38	38	0	38	38	8318499	6236947	6211859	8357133	1860	29138758
95	29125743	2	38	1057522218	36.31	38	38	38	0	38	38	8327861	6226117	6216631	8352734	2400	29138758
96	29125275	2	38	1056707434	36.28	38	38	38	0	38	38	8314519	6236363	6211996	8361091	1306	29138758
97	29125246	2	38	1056229747	36.27	38	38	38	0	38	38	8328243	6232628	6209007	8352706	2662	29138758
98	29125221	2	38	1055594670	36.24	38	38	38	0	38	38	8328238	6229461	6211042	8354359	2121	29138758
99	29125199	2	38	1054908503	36.22	38	38	38	0	38	38	8310964	6243895	6212107	8355761	2472	29138758
100	29125178	2	38	1053750319	36.18	38	38	38	0	38	38	8323360	6237297	6215451	8347696	1374	29138758
101	29125153	2	38	1053034228	36.16	38	38	38	0	38	38	8322340	6226975	6217176	8356904	1758	29138758
102	29125128	2	38	1050990446	36.09	38	38	38	0	38	38	8311465	6239303	6221511	8350408	2441	29138758
103	29125104	2	38	1051458800	36.10	38	38	38	0	38	38	8316961	6234909	6218712	8352111	2411	29138758
104	29125086	2	38	1049854596	36.05	37	38	38	1	36	38	8328098	6224992	6218560	8351036	2400	29138758
105	29125072	2	38	1049869852	36.05	37	38	38	1	36	38	8317949	6236923	6206309	8362419	1472	29138758
106	29125052	2	38	1049611500	36.04	37	38	38	1	36	38	8324108	6230412	6211475	8358180	877	29138758
107	29125025	2	38	1049175796	36.02	37	38	38	1	36	38	8328197	6230090	6212855	8353115	768	29138758
108	29125008	2	38	1048273665	35.99	37	38	38	1	36	38	8318148	6246605	6202967	8356160	1128	29138758
109	29124992	2	38	1046729105	35.94	37	38	38	1	36	38	8319398	6230690	6212274	8361324	1306	29138758
110	29124980	2	38	1045648170	35.90	37	38	38	1	36	38	8322497	6223109	6216859	8360853	1662	29138758
111	29124980	2	38	1045319811	35.89	37	38	38	1	36	38	8311621	6242711	6214523	8354452	1673	29138758
112	29124980	2	38	1044117775	35.85	37	38	38	1	36	38	8314726	6235510	6217449	8355740	1555	29138758
113	29124980	2	38	1043438939	35.83	37	38	38	1	36	38	8325790	6232539	6214385	8351465	801	29138758
114	29124980	2	38	1042513061	35.79	37	38	38	1	36	38	8311922	6236279	6208788	8366906	1085	29138758
115	29124980	2	38	1041775178	35.77	37	38	38	1	36	38	8320742	6234461	6210231	8358185	1361	29138758
116	29124980	2	38	1040334641	35.72	37	38	38	1	36	38	8321439	6227343	6209635	8365825	738	29138758
117	29124980	2	38	1039871333	35.70	37	38	38	1	36	38	8311268	6242756	6200658	8369140	1158	29138758
118	29124980	2	38	1039094318	35.68	37	38	38	1	36	38	8319837	6231572	6208892	8364354	325	29138758
119	29124980	2	38	1038188044	35.65	37	38	38	1	36	38	8317242	6226764	6213277	8366502	1195	29138758
120	29124980	2	38	1036848266	35.60	36	38	38	2	33	38	8307311	6249758	6201730	8365140	1041	29138758
121	29124980	2	38	1035392750	35.55	36	38	38	2	33	38	8331092	6229330	6211613	8352038	907	29138758
122	29124980	2	38	1034917892	35.53	36	38	38	2	33	38	8334552	6219130	6213234	8356176	1888	29138758
123	29124980	2	38	1034167464	35.51	36	38	38	2	33	38	8314416	6243640	6205570	8360274	1080	29138758
124	29124980	2	38	1032940227	35.47	36	38	38	2	33	38	8319340	6234677	6210294	8360157	512	29138758
125	29124980	2	38	1032537481	35.45	36	38	38	2	33	38	8326863	6226043	6211032	8360240	802	29138758
126	29124980	2	38	948626812	32.57	31	36	38	7	21	38	8280044	6233390	6217643	8393090	813	29138758
