column	count	min	max	sum	mean	Q1	med	Q3	IQR	lW	rW	A_Count	C_Count	G_Count	T_Count	N_Count	Max_count
1	27864357	2	34	914927151	32.84	33	34	34	1	32	34	8486345	5901739	4948740	8408264	119269	27864357
2	27864225	2	34	920642602	33.04	33	34	34	1	32	34	8567126	5247868	5735220	8313965	46	27864357
3	27864200	18	34	922164986	33.09	33	34	34	1	32	34	8365365	5651955	5615045	8231835	0	27864357
4	27864189	15	34	921426426	33.07	33	34	34	1	32	34	8001086	5798859	5829078	8235166	0	27864357
5	27864180	2	34	922081758	33.09	33	34	34	1	32	34	7919669	5729460	6059734	8153949	1368	27864357
6	27864172	14	38	1039400525	37.30	38	38	38	0	38	38	7998729	5926027	6039188	7900228	0	27864357
7	27864165	14	38	1032556616	37.06	38	38	38	0	38	38	7964773	5742285	6167417	7989690	0	27864357
8	27864156	14	38	1036713969	37.21	38	38	38	0	38	38	7997792	5928038	5928519	8009807	0	27864357
9	27864144	14	38	1038919304	37.29	38	38	38	0	38	38	7872774	5978297	5841439	8171634	0	27864357
10	27864131	14	38	1039394018	37.30	38	38	38	0	38	38	7987302	5960311	5905143	8011375	0	27864357
11	27864111	14	38	1039703717	37.31	38	38	38	0	38	38	7987285	5957385	5860012	8059429	0	27864357
12	27864078	14	38	1039373763	37.30	38	38	38	0	38	38	8037864	5947530	5828550	8050134	0	27864357
13	27864049	14	38	1039637641	37.31	38	38	38	0	38	38	8061733	5892881	5843091	8066344	0	27864357
14	27864015	2	38	1039490108	37.31	38	38	38	0	38	38	8060607	5874126	5835993	8093262	27	27864357
15	27863985	14	38	1039785619	37.32	38	38	38	0	38	38	8022411	5938561	5840862	8062151	0	27864357
16	27863947	2	38	1039350053	37.30	38	38	38	0	38	38	8036277	5872446	5870602	8084620	2	27864357
17	27863903	2	38	1039740454	37.31	38	38	38	0	38	38	8016483	5907633	5862376	8077268	143	27864357
18	27863858	2	38	1038419822	37.27	38	38	38	0	38	38	8014198	5956782	5865121	8027634	123	27864357
19	27863827	2	38	1038592293	37.27	38	38	38	0	38	38	8013799	5905594	5883073	8061332	29	27864357
20	27863789	2	38	1038990154	37.29	38	38	38	0	38	38	7996257	5933679	5886926	8046903	24	27864357
21	27863753	14	38	1039513917	37.31	38	38	38	0	38	38	7983256	5962041	5866661	8051795	0	27864357
22	27863717	2	38	1039337898	37.30	38	38	38	0	38	38	7994979	5946207	5868447	8054072	12	27864357
23	27863664	14	38	1039592805	37.31	38	38	38	0	38	38	7989511	5944566	5879658	8049929	0	27864357
24	27863604	2	38	1038948414	37.29	38	38	38	0	38	38	7983000	5959609	5887567	8033222	206	27864357
25	27863543	2	38	1039043405	37.29	38	38	38	0	38	38	7984433	5952762	5902614	8023625	109	27864357
26	27863491	2	38	1037861207	37.25	38	38	38	0	38	38	7990271	5936576	5907122	8028614	908	27864357
27	27863437	2	38	1037841377	37.25	38	38	38	0	38	38	7947291	5972764	5922336	8021030	16	27864357
28	27863385	14	38	1037174970	37.22	38	38	38	0	38	38	7959210	5969689	5917548	8016938	0	27864357
29	27863343	2	38	1037221563	37.23	38	38	38	0	38	38	7960008	5962949	5921804	8017973	609	27864357
30	27863291	2	38	1036142171	37.19	38	38	38	0	38	38	7947048	5978465	5934330	8003358	90	27864357
31	27863236	2	38	1036569905	37.20	38	38	38	0	38	38	7957767	5973126	5924866	8005462	2015	27864357
32	27863166	2	38	1036223181	37.19	38	38	38	0	38	38	7970812	5963842	5919152	8006638	2722	27864357
33	27863090	2	38	1036504163	37.20	38	38	38	0	38	38	7964515	5971316	5918505	8007846	908	27864357
34	27863014	2	38	1035872742	37.18	38	38	38	0	38	38	7971664	5957631	5932824	7997841	3054	27864357
35	27862951	2	38	1036109142	37.19	38	38	38	0	38	38	7979639	5962194	5937985	7981647	1486	27864357
36	27862881	2	38	1035438090	37.16	38	38	38	0	38	38	7966983	5976974	5922911	7993382	2631	27864357
37	27862822	2	38	1035313770	37.16	38	38	38	0	38	38	7978746	5956867	5934243	7990223	2743	27864357
38	27862766	2	38	1034417129	37.13	38	38	38	0	38	38	7974273	5957050	5958284	7971392	1767	27864357
39	27862719	2	38	1034164828	37.12	38	38	38	0	38	38	7947995	5985153	5944437	7982152	2982	27864357
40	27862660	2	38	1033323909	37.09	38	38	38	0	38	38	7950986	5982534	5944525	7982542	2073	27864357
41	27862615	2	38	1033324890	37.09	38	38	38	0	38	38	7962408	5970936	5944223	7983115	1933	27864357
42	27862552	2	38	1032720653	37.06	38	38	38	0	38	38	7947578	5989120	5939820	7985242	792	27864357
43	27862494	2	38	1032681475	37.06	38	38	38	0	38	38	7961482	5973009	5939890	7984932	3181	27864357
44	27862428	2	38	1032038548	37.04	38	38	38	0	38	38	7968101	5969158	5944178	7979223	1768	27864357
45	27862354	2	38	1031965765	37.04	38	38	38	0	38	38	7952099	5982775	5942663	7980899	3918	27864357
46	27862298	2	38	1030965341	37.00	38	38	38	0	38	38	7962170	5966213	5953501	7977797	2617	27864357
47	27862238	2	38	1031423269	37.02	38	38	38	0	38	38	7959287	5972508	5952968	7974896	2579	27864357
48	27862169	2	38	1030352792	36.98	38	38	38	0	38	38	7940433	5999971	5946927	7972281	2557	27864357
49	27862099	2	38	1030425541	36.98	38	38	38	0	38	38	7951087	5978831	5954395	7969993	7793	27864357
50	27862037	2	38	1029568307	36.95	38	38	38	0	38	38	7956016	5969280	5959889	7974084	2768	27864357
51	27861958	2	38	1029850820	36.96	38	38	38	0	38	38	7938418	5987014	5951608	7978682	6236	27864357
52	27861888	2	38	1028711463	36.92	38	38	38	0	38	38	7947803	5978679	5951040	7973762	10604	27864357
53	27861816	2	38	1025292888	36.80	38	38	38	0	38	38	7934885	5950963	5935912	7939776	100280	27864357
54	27861756	2	38	1026290660	36.84	38	38	38	0	38	38	7938855	5978680	5952699	7974462	17060	27864357
55	27861690	2	38	1027120508	36.86	38	38	38	0	38	38	7953817	5976424	5954638	7966233	10578	27864357
56	27861610	2	38	1026943495	36.86	38	38	38	0	38	38	7956049	5966799	5956106	7974168	8488	27864357
57	27861516	2	38	1027683305	36.89	38	38	38	0	38	38	7938592	5986772	5952876	7971656	11620	27864357
58	27861432	2	38	1026892001	36.86	38	38	38	0	38	38	7944124	5979772	5960257	7969437	7842	27864357
59	27861355	2	38	1026972483	36.86	38	38	38	0	38	38	7949637	5975615	5963305	7964387	8411	27864357
60	27861261	2	38	1025936267	36.82	38	38	38	0	38	38	7932797	6002156	5950982	7967930	7396	27864357
61	27861168	2	38	1024395359	36.77	38	38	38	0	38	38	7935387	5974739	5949156	7966657	35229	27864357
62	27861064	2	38	1021653712	36.67	38	38	38	0	38	38	7911395	5951375	5933389	7951042	113863	27864357
63	27860976	2	38	1024262478	36.76	38	38	38	0	38	38	7929250	5994538	5944261	7974132	18795	27864357
64	27860879	2	38	1023530646	36.74	38	38	38	0	38	38	7944743	5980039	5953928	7967130	15039	27864357
65	27860790	2	38	1024518068	36.77	38	38	38	0	38	38	7956540	5968789	5953988	7966702	14771	27864357
66	27860694	2	38	1023765158	36.75	38	38	38	0	38	38	7938367	5982377	5957547	7967400	15003	27864357
67	27860584	2	38	1024194999	36.76	38	38	38	0	38	38	7939355	5975801	5961871	7967001	16556	27864357
68	27860453	2	38	1023151680	36.72	38	38	38	0	38	38	7938550	5972652	5965262	7973052	10937	27864357
69	27860358	2	38	1023562181	36.74	38	38	38	0	38	38	7927439	5994353	5956466	7969160	12940	27864357
70	27860245	2	38	1022476090	36.70	38	38	38	0	38	38	7941504	5979150	5967438	7962767	9386	27864357
71	27860118	2	38	1023131738	36.72	38	38	38	0	38	38	7946545	5979564	5959549	7970622	3838	27864357
72	27859991	2	38	1022711862	36.71	38	38	38	0	38	38	7928108	6003801	5953927	7971308	2847	27864357
73	27859884	2	38	1021806488	36.68	38	38	38	0	38	38	7941597	5986109	5960360	7971248	570	27864357
74	27859738	2	38	1022073094	36.69	38	38	38	0	38	38	7948852	5972031	5964763	7973315	777	27864357
75	27859599	2	38	1022067005	36.69	38	38	38	0	38	38	7938810	5993366	5951874	7974496	1053	27864357
76	27859454	2	38	1021940439	36.68	38	38	38	0	38	38	7948243	5980884	5960614	7968768	945	27864357
77	27859294	2	38	1021654680	36.67	38	38	38	0	38	38	7952494	5972029	5965173	7968956	642	27864357
78	27859144	2	38	1021294837	36.66	38	38	38	0	38	38	7943592	5986724	5956459	7970834	1535	27864357
79	27858968	2	38	1020954698	36.65	38	38	38	0	38	38	7938903	5983996	5970288	7964403	1378	27864357
80	27858764	2	38	1020152493	36.62	38	38	38	0	38	38	7939399	5988092	5965230	7965037	1006	27864357
81	27858563	2	38	1019799227	36.61	38	38	38	0	38	38	7936056	5997783	5951028	7971773	1923	27864357
82	27858394	2	38	1019177546	36.58	38	38	38	0	38	38	7943448	5984433	5961415	7968299	799	27864357
83	27858166	2	38	1018900204	36.57	38	38	38	0	38	38	7944193	5980883	5959297	7972240	1553	27864357
84	27857936	2	38	1018354820	36.56	38	38	38	0	38	38	7932626	5995476	5953048	7975901	885	27864357
85	27857706	2	38	1017819718	36.54	38	38	38	0	38	38	7944715	5980287	5952308	7977491	2905	27864357
86	27857423	2	38	1016925196	36.50	38	38	38	0	38	38	7948826	5968615	5961808	7976402	1772	27864357
87	27857173	2	38	1016439515	36.49	38	38	38	0	38	38	7933905	5984339	5967317	7969708	1904	27864357
88	27856879	2	38	1015741710	36.46	38	38	38	0	38	38	7940960	5985049	5963458	7966489	923	27864357
89	27856538	2	38	1015463881	36.45	38	38	38	0	38	38	7946359	5977244	5960179	7969932	2824	27864357
90	27856214	2	38	1014709514	36.43	38	38	38	0	38	38	7930735	5989603	5961312	7973142	1422	27864357
91	27855872	2	38	1014040339	36.40	38	38	38	0	38	38	7938675	5978793	5968309	7967879	2216	27864357
92	27855462	2	38	1013361696	36.38	38	38	38	0	38	38	7935534	5982833	5960322	7975407	1366	27864357
93	27855009	2	38	1013007621	36.37	38	38	38	0	38	38	7931269	5990388	5956149	7976395	808	27864357
94	27854599	2	38	1012319345	36.34	38	38	38	0	38	38	7939797	5975272	5958500	7979224	1806	27864357
95	27854185	2	38	1011880278	36.33	38	38	38	0	38	38	7943301	5970208	5962044	7976375	2257	27864357
96	27853826	2	38	1011051938	36.30	38	38	38	0	38	38	7932282	5985722	5957249	7977324	1249	27864357
97	27853793	2	38	1010677028	36.29	38	38	38	0	38	38	7946039	5975299	5958227	7971749	2479	27864357
98	27853763	2	38	1010046426	36.26	38	38	38	0	38	38	7943929	5969406	5959685	7978774	1969	27864357
99	27853734	2	38	1009424805	36.24	38	38	38	0	38	38	7924634	5990760	5958201	7977854	2285	27864357
100	27853709	2	38	1008293703	36.20	38	38	38	0	38	38	7937702	5981353	5962589	7970730	1335	27864357
101	27853686	2	38	1007611127	36.18	38	38	38	0	38	38	7941857	5978102	5960964	7971119	1644	27864357
102	27853669	2	38	1005716761	36.11	38	38	38	0	38	38	7926711	5982613	5968775	7973246	2324	27864357
103	27853654	2	38	1006152341	36.12	38	38	38	0	38	38	7936850	5976922	5962887	7974680	2315	27864357
104	27853631	2	38	1004624515	36.07	38	38	38	0	38	38	7949105	5967715	5965346	7969226	2239	27864357
105	27853613	2	38	1004704151	36.07	38	38	38	0	38	38	7934042	5987349	5953883	7976962	1377	27864357
106	27853593	2	38	1004446666	36.06	38	38	38	0	38	38	7944299	5975026	5952200	7981252	816	27864357
107	27853576	2	38	1004073719	36.05	38	38	38	0	38	38	7945264	5975801	5959524	7972172	815	27864357
108	27853563	2	38	1003163863	36.02	37	38	38	1	36	38	7931549	5990187	5954826	7975949	1052	27864357
109	27853549	2	38	1001739497	35.96	37	38	38	1	36	38	7941550	5975343	5954243	7981145	1268	27864357
110	27853533	2	38	1000755743	35.93	37	38	38	1	36	38	7939271	5968214	5966275	7978230	1543	27864357
111	27853533	2	38	1000418392	35.92	37	38	38	1	36	38	7928175	5991065	5959619	7973081	1593	27864357
112	27853533	2	38	999260197	35.88	37	38	38	1	36	38	7935263	5980270	5965803	7970727	1470	27864357
113	27853533	2	38	998591472	35.85	37	38	38	1	36	38	7941676	5974718	5960236	7976189	714	27864357
114	27853533	2	38	997810206	35.82	37	38	38	1	36	38	7934879	5981540	5954631	7981460	1023	27864357
115	27853533	2	38	997125056	35.80	37	38	38	1	36	38	7937825	5977893	5957076	7979469	1270	27864357
116	27853533	2	38	995770403	35.75	37	38	38	1	36	38	7939570	5974243	5954790	7984235	695	27864357
117	27853533	2	38	995295018	35.73	37	38	38	1	36	38	7929139	5986153	5953220	7983950	1071	27864357
118	27853533	2	38	994576305	35.71	37	38	38	1	36	38	7936031	5976956	5953222	7987066	258	27864357
119	27853533	2	38	993788896	35.68	37	38	38	1	36	38	7939738	5971479	5964783	7976368	1165	27864357
120	27853533	2	38	992548684	35.63	37	38	38	1	36	38	7928230	5993269	5950044	7980952	1038	27864357
121	27853533	2	38	991158081	35.58	36	38	38	2	33	38	7946136	5979644	5958587	7968294	872	27864357
122	27853533	2	38	990704290	35.57	36	38	38	2	33	38	7939280	5966205	5964108	7982179	1761	27864357
123	27853533	2	38	989971608	35.54	36	38	38	2	33	38	7928652	5990375	5955141	7978384	981	27864357
124	27853533	2	38	988863954	35.50	36	38	38	2	33	38	7939793	5975890	5954773	7982563	514	27864357
125	27853533	2	38	988469860	35.49	36	38	38	2	33	38	7943560	5968773	5960115	7980313	772	27864357
126	27853533	2	38	909077434	32.64	31	37	38	7	21	38	7898679	5974437	5971783	8007789	845	27864357
