column	count	min	max	sum	mean	Q1	med	Q3	IQR	lW	rW	A_Count	C_Count	G_Count	T_Count	N_Count	Max_count
1	41806	2	34	1349714	32.29	33	33	34	1	32	34	11430	9477	8470	12321	108	41806
2	41805	18	34	1359957	32.53	33	33	34	1	32	34	11888	8771	9812	11334	0	41806
3	41800	18	34	1364080	32.63	33	33	34	1	32	34	11463	9354	9995	10988	0	41806
4	41789	15	34	1363709	32.63	33	34	34	1	32	34	10855	9863	9842	11229	0	41806
5	41785	15	34	1367363	32.72	33	34	34	1	32	34	11349	9138	10157	11141	0	41806
6	41784	14	38	1542510	36.92	38	38	38	0	38	38	11059	9334	10375	11016	0	41806
7	41782	14	38	1527822	36.57	37	38	38	1	36	38	10861	9329	10412	11180	0	41806
8	41782	14	38	1533492	36.70	37	38	38	1	36	38	11192	10029	9619	10942	0	41806
9	41782	14	38	1534859	36.73	38	38	38	0	38	38	10715	10184	9599	11284	0	41806
10	41782	14	38	1536545	36.78	38	38	38	0	38	38	11136	9997	9416	11233	0	41806
11	41782	14	38	1534863	36.74	38	38	38	0	38	38	11114	9895	9656	11117	0	41806
12	41782	14	38	1533599	36.70	38	38	38	0	38	38	10881	10280	9329	11292	0	41806
13	41782	14	38	1535078	36.74	38	38	38	0	38	38	11224	9757	9455	11346	0	41806
14	41782	14	38	1535967	36.76	38	38	38	0	38	38	11399	9358	9782	11243	0	41806
15	41782	14	38	1536007	36.76	38	38	38	0	38	38	11291	9576	9694	11221	0	41806
16	41780	14	38	1535195	36.74	38	38	38	0	38	38	11391	9701	9802	10886	0	41806
17	41779	14	38	1537855	36.81	38	38	38	0	38	38	11352	9961	9695	10771	0	41806
18	41779	14	38	1536772	36.78	38	38	38	0	38	38	11028	9791	9925	11035	0	41806
19	41779	14	38	1537729	36.81	38	38	38	0	38	38	10880	9810	9993	11096	0	41806
20	41779	14	38	1537306	36.80	38	38	38	0	38	38	11071	9874	9619	11215	0	41806
21	41779	14	38	1537773	36.81	38	38	38	0	38	38	11013	9913	9425	11428	0	41806
22	41778	14	38	1539082	36.84	38	38	38	0	38	38	11236	9784	9537	11221	0	41806
23	41778	14	38	1538959	36.84	38	38	38	0	38	38	11082	9980	9537	11179	0	41806
24	41778	14	38	1538528	36.83	38	38	38	0	38	38	11351	9825	9450	11152	0	41806
25	41777	14	38	1538144	36.82	38	38	38	0	38	38	11315	9530	9787	11145	0	41806
26	41777	14	38	1534578	36.73	38	38	38	0	38	38	11508	9263	9722	11284	0	41806
27	41777	14	38	1534004	36.72	38	38	38	0	38	38	11029	9727	9891	11130	0	41806
28	41777	14	38	1533010	36.70	38	38	38	0	38	38	10917	9910	9725	11225	0	41806
29	41777	14	38	1533413	36.70	38	38	38	0	38	38	10988	9835	9769	11185	0	41806
30	41777	2	38	1531888	36.67	38	38	38	0	38	38	11141	9604	9790	11240	2	41806
31	41777	14	38	1532986	36.69	38	38	38	0	38	38	10937	10077	9495	11268	0	41806
32	41777	14	38	1530707	36.64	38	38	38	0	38	38	11412	9729	9373	11263	0	41806
33	41777	14	38	1533274	36.70	38	38	38	0	38	38	11326	9676	9566	11209	0	41806
34	41777	14	38	1531874	36.67	38	38	38	0	38	38	11183	9636	9934	11024	0	41806
35	41777	14	38	1533131	36.70	38	38	38	0	38	38	11357	9980	9524	10916	0	41806
36	41777	14	38	1531130	36.65	38	38	38	0	38	38	10903	9901	9582	11391	0	41806
37	41777	14	38	1530826	36.64	38	38	38	0	38	38	11211	9694	9729	11143	0	41806
38	41776	14	38	1529421	36.61	38	38	38	0	38	38	11377	9386	10059	10954	0	41806
39	41776	14	38	1528850	36.60	38	38	38	0	38	38	11020	9835	9958	10963	0	41806
40	41776	2	38	1526492	36.54	38	38	38	0	38	38	10880	10235	9391	11269	1	41806
41	41775	14	38	1528018	36.58	38	38	38	0	38	38	11186	9709	9525	11355	0	41806
42	41775	14	38	1526611	36.54	38	38	38	0	38	38	11257	9390	9999	11129	0	41806
43	41775	14	38	1526925	36.55	38	38	38	0	38	38	11153	9420	10064	11138	0	41806
44	41774	14	38	1524641	36.50	38	38	38	0	38	38	11161	9890	9884	10839	0	41806
45	41773	14	38	1525647	36.52	38	38	38	0	38	38	11439	9684	9419	11231	0	41806
46	41771	2	38	1523312	36.47	38	38	38	0	38	38	11149	9621	9747	11253	1	41806
47	41770	14	38	1523374	36.47	38	38	38	0	38	38	10908	9927	10090	10845	0	41806
48	41770	2	38	1522324	36.45	38	38	38	0	38	38	11170	10003	9508	11088	1	41806
49	41770	2	38	1522732	36.46	38	38	38	0	38	38	11230	9557	9671	11309	3	41806
50	41768	2	38	1522484	36.45	38	38	38	0	38	38	11312	9607	9654	11193	2	41806
51	41767	2	38	1522190	36.44	38	38	38	0	38	38	11189	9930	9540	11106	2	41806
52	41764	2	38	1520595	36.41	38	38	38	0	38	38	11008	9922	9346	11487	1	41806
53	41763	2	38	1516479	36.31	38	38	38	0	38	38	11272	9606	9541	11272	72	41806
54	41762	2	38	1516465	36.31	38	38	38	0	38	38	11125	9332	9844	11440	21	41806
55	41762	2	38	1517507	36.34	38	38	38	0	38	38	11297	9454	9695	11306	10	41806
56	41762	2	38	1515927	36.30	38	38	38	0	38	38	11295	9577	9926	10959	5	41806
57	41762	2	38	1514883	36.27	38	38	38	0	38	38	11336	9902	9661	10850	13	41806
58	41761	2	38	1514610	36.27	38	38	38	0	38	38	11044	9842	9861	11005	9	41806
59	41759	2	38	1514679	36.27	38	38	38	0	38	38	10991	9822	9743	11191	12	41806
60	41757	2	38	1513331	36.24	38	38	38	0	38	38	11000	9874	9605	11272	6	41806
61	41757	2	38	1512116	36.21	37	38	38	1	36	38	11088	9717	9517	11407	28	41806
62	41754	2	38	1506177	36.07	37	38	38	1	36	38	11090	9684	9699	11149	132	41806
63	41752	2	38	1510071	36.17	37	38	38	1	36	38	11223	9636	9546	11325	22	41806
64	41750	2	38	1510349	36.18	37	38	38	1	36	38	11393	9536	9491	11318	12	41806
65	41748	2	38	1510025	36.17	37	38	38	1	36	38	11488	9514	9561	11169	16	41806
66	41743	2	38	1507025	36.10	37	38	38	1	36	38	11378	9399	9957	10990	19	41806
67	41741	2	38	1507317	36.11	37	38	38	1	36	38	11197	9623	10035	10876	10	41806
68	41739	2	38	1504774	36.05	37	38	38	1	36	38	11149	9651	9895	11037	7	41806
69	41735	2	38	1504860	36.06	37	38	38	1	36	38	11180	9768	9491	11291	5	41806
70	41732	2	38	1503252	36.02	37	38	38	1	36	38	11108	9702	9700	11219	3	41806
71	41730	2	38	1501738	35.99	37	38	38	1	36	38	10989	10115	9596	11028	2	41806
72	41727	2	38	1501272	35.98	37	38	38	1	36	38	11124	9948	9451	11203	1	41806
73	41724	13	38	1501283	35.98	37	38	38	1	36	38	11170	9403	9479	11672	0	41806
74	41720	2	38	1499668	35.95	37	38	38	1	36	38	11300	9469	9643	11306	2	41806
75	41715	2	38	1495618	35.85	37	38	38	1	36	38	11296	9887	9550	10978	4	41806
76	41705	2	38	1492536	35.79	37	38	38	1	36	38	11203	9729	9426	11345	2	41806
77	41702	2	38	1492069	35.78	37	38	38	1	36	38	11398	9465	9784	11053	2	41806
78	41691	2	38	1489615	35.73	37	38	38	1	36	38	11334	9325	9966	11065	1	41806
79	41686	2	38	1487345	35.68	37	38	38	1	36	38	11095	9535	10093	10960	3	41806
80	41678	2	38	1485776	35.65	37	38	38	1	36	38	11085	9971	9622	10997	3	41806
81	41671	2	38	1485334	35.64	37	38	38	1	36	38	10871	9878	9699	11221	2	41806
82	41662	2	38	1484900	35.64	37	38	38	1	36	38	11404	9507	9442	11305	4	41806
83	41655	2	38	1481743	35.57	37	38	38	1	36	38	11185	9535	9662	11270	3	41806
84	41646	2	38	1481017	35.56	37	38	38	1	36	38	11020	9992	9446	11183	5	41806
85	41641	2	38	1478067	35.50	37	38	38	1	36	38	11333	9503	9334	11469	2	41806
86	41628	2	38	1477313	35.49	37	38	38	1	36	38	11414	9255	9801	11153	5	41806
87	41612	2	38	1474600	35.44	37	38	38	1	36	38	11357	9566	9767	10919	3	41806
88	41598	2	38	1471489	35.37	37	38	38	1	36	38	11409	9465	9370	11350	4	41806
89	41578	2	38	1467737	35.30	36	38	38	2	33	38	11308	9436	9837	10991	6	41806
90	41562	2	38	1466276	35.28	36	38	38	2	33	38	11207	9464	9902	10982	7	41806
91	41538	2	38	1464920	35.27	36	38	38	2	33	38	10949	9584	9903	11099	3	41806
92	41499	2	38	1463659	35.27	36	38	38	2	33	38	11099	9797	9498	11101	4	41806
93	41456	2	38	1461336	35.25	36	38	38	2	33	38	11143	9717	9384	11208	4	41806
94	41395	2	38	1455018	35.15	36	38	38	2	33	38	11167	9159	9581	11483	5	41806
95	41294	2	38	1451130	35.14	36	38	38	2	33	38	11005	9380	9807	11094	8	41806
96	41107	2	38	1444778	35.15	36	38	38	2	33	38	10899	9639	9594	10969	6	41806
97	40467	2	38	1419463	35.08	36	38	38	2	33	38	10978	9442	9018	11022	7	41806
98	39776	2	38	1392645	35.01	36	38	38	2	33	38	11101	8775	9244	10654	2	41806
99	39074	13	38	1367737	35.00	36	38	38	2	33	38	10429	9137	9212	10296	0	41806
100	38247	2	38	1337722	34.98	36	38	38	2	33	38	10265	8913	8785	10283	1	41806
101	37466	2	38	1309669	34.96	36	38	38	2	33	38	10028	8580	8760	10096	2	41806
102	36616	13	38	1274911	34.82	36	38	38	2	33	38	9717	8447	8497	9955	0	41806
103	35668	13	38	1240849	34.79	35	38	38	3	31	38	9710	8004	8259	9695	0	41806
104	34722	2	38	1206395	34.74	35	38	38	3	31	38	9481	8081	7948	9211	1	41806
105	33722	13	38	1171569	34.74	35	38	38	3	31	38	9035	8027	7715	8945	0	41806
106	32667	13	38	1133123	34.69	35	38	38	3	31	38	8909	7393	7510	8855	0	41806
107	31495	2	38	1087607	34.53	35	38	38	3	31	38	8579	7360	7327	8227	2	41806
108	30276	2	38	1045296	34.53	35	38	38	3	31	38	8061	7149	7010	8054	2	41806
109	28972	13	38	999716	34.51	35	38	38	3	31	38	7855	6944	6520	7653	0	41806
110	27564	2	38	947963	34.39	35	38	38	3	31	38	7614	6212	6367	7370	1	41806
111	26114	13	38	894170	34.24	34	38	38	4	28	38	6914	6346	5971	6883	0	41806
112	24418	13	38	835156	34.20	34	38	38	4	28	38	6642	5797	5328	6651	0	41806
113	22482	2	38	768263	34.17	34	38	38	4	28	38	6054	5208	4997	6222	1	41806
114	20276	2	38	692539	34.16	34	38	38	4	28	38	5282	4695	4859	5439	1	41806
115	17647	13	38	602113	34.12	34	38	38	4	28	38	4615	4166	4100	4766	0	41806
116	14440	13	38	491900	34.07	34	38	38	4	28	38	3801	3358	3116	4165	0	41806
117	10549	2	38	360150	34.14	34	38	38	4	28	38	2982	2328	2306	2932	1	41806
118	5630	13	38	192000	34.10	34	38	38	4	28	38	1718	1014	1336	1562	0	41806
119	331	13	38	10414	31.46	26	38	38	12	13	38	106	75	82	68	0	41806
120	331	13	38	10327	31.20	26	36	38	12	13	38	102	67	83	79	0	41806
121	331	13	38	10424	31.49	28	36	38	10	13	38	101	83	59	88	0	41806
122	331	13	38	10400	31.42	27	36	38	11	13	38	94	76	75	86	0	41806
123	331	13	38	10450	31.57	27	36	38	11	13	38	110	81	68	72	0	41806
124	331	13	38	10310	31.15	24	36	38	14	13	38	95	72	67	97	0	41806
125	331	13	38	10426	31.50	27	36	38	11	13	38	86	85	74	86	0	41806
126	331	13	38	9480	28.64	15	34	38	23	13	38	95	77	74	85	0	41806
