column	count	min	max	sum	mean	Q1	med	Q3	IQR	lW	rW	A_Count	C_Count	G_Count	T_Count	N_Count	Max_count
1	1818601	2	34	56349183	30.98	31	33	33	2	28	34	15373	496440	1288808	14282	3698	1818601
2	1818598	2	34	57641967	31.70	32	33	33	1	31	34	16206	624248	1165005	13135	4	1818601
3	1818564	18	34	58992039	32.44	33	33	33	0	33	33	23344	703232	1072607	19381	0	1818601
4	1818440	15	34	59100492	32.50	33	33	34	1	32	34	337994	516897	706588	256961	0	1818601
5	1818406	15	34	59501129	32.72	33	33	34	1	32	34	469900	340127	657104	351275	0	1818601
6	1818402	14	38	66623906	36.64	38	38	38	0	38	38	440436	409570	588414	379982	0	1818601
7	1818402	2	38	66157989	36.38	36	38	38	2	33	38	375209	445577	590262	407353	1	1818601
8	1818401	14	38	66704996	36.68	37	38	38	1	36	38	445285	460389	479071	433656	0	1818601
9	1818400	2	38	67251624	36.98	38	38	38	0	38	38	496395	408226	536112	377666	1	1818601
10	1818400	14	38	67277334	37.00	38	38	38	0	38	38	406402	418271	633737	359990	0	1818601
11	1818400	14	38	67259789	36.99	38	38	38	0	38	38	404575	420479	586750	406596	0	1818601
12	1818400	14	38	67118969	36.91	38	38	38	0	38	38	419577	429386	570202	399235	0	1818601
13	1818399	14	38	67331151	37.03	38	38	38	0	38	38	442351	426317	580930	368801	0	1818601
14	1818399	14	38	67344827	37.04	38	38	38	0	38	38	443010	391539	601872	381978	0	1818601
15	1818397	14	38	67308254	37.02	38	38	38	0	38	38	397734	390445	618663	411555	0	1818601
16	1818397	14	38	67312239	37.02	38	38	38	0	38	38	417343	450628	537875	412551	0	1818601
17	1818395	14	38	67383019	37.06	38	38	38	0	38	38	423083	465343	524372	405597	0	1818601
18	1818393	14	38	67416893	37.07	38	38	38	0	38	38	406073	464632	526272	421416	0	1818601
19	1818393	14	38	67445082	37.09	38	38	38	0	38	38	420955	435529	575416	386493	0	1818601
20	1818392	14	38	67437212	37.09	38	38	38	0	38	38	421052	465848	569790	361702	0	1818601
21	1818391	14	38	67417852	37.08	38	38	38	0	38	38	405316	471522	557729	383824	0	1818601
22	1818391	14	38	67469735	37.10	38	38	38	0	38	38	413003	497572	546663	361153	0	1818601
23	1818391	14	38	67448522	37.09	38	38	38	0	38	38	430963	486406	534245	366777	0	1818601
24	1818391	14	38	67386969	37.06	38	38	38	0	38	38	406600	494293	522829	394669	0	1818601
25	1818389	14	38	67414592	37.07	38	38	38	0	38	38	416853	516170	530645	354721	0	1818601
26	1818388	14	38	67365802	37.05	38	38	38	0	38	38	425329	505083	541793	346183	0	1818601
27	1818387	14	38	67407420	37.07	38	38	38	0	38	38	423320	501439	532986	360642	0	1818601
28	1818382	14	38	67400161	37.07	38	38	38	0	38	38	406766	540827	499318	371471	0	1818601
29	1818381	14	38	67352393	37.04	38	38	38	0	38	38	398589	539359	500081	380352	0	1818601
30	1818380	2	38	67360113	37.04	38	38	38	0	38	38	403403	556365	485802	372784	26	1818601
31	1818380	2	38	67350456	37.04	38	38	38	0	38	38	403045	532038	514163	369133	1	1818601
32	1818379	14	38	67345980	37.04	38	38	38	0	38	38	396885	522643	523258	375593	0	1818601
33	1818377	14	38	67383496	37.06	38	38	38	0	38	38	401708	543443	483616	389610	0	1818601
34	1818376	2	38	67365759	37.05	38	38	38	0	38	38	398538	548307	499017	372505	9	1818601
35	1818375	14	38	67378610	37.05	38	38	38	0	38	38	403793	519767	533663	361152	0	1818601
36	1818372	2	38	67284389	37.00	38	38	38	0	38	38	411120	535755	514741	356747	9	1818601
37	1818368	2	38	67278486	37.00	38	38	38	0	38	38	414996	521043	532989	349339	1	1818601
38	1818364	14	38	67297413	37.01	38	38	38	0	38	38	390505	512426	547260	368173	0	1818601
39	1818362	14	38	67259518	36.99	38	38	38	0	38	38	387958	500595	530535	399274	0	1818601
40	1818361	2	38	67266960	36.99	38	38	38	0	38	38	389136	523982	534887	370349	7	1818601
41	1818359	14	38	67268566	36.99	38	38	38	0	38	38	400932	501798	556572	359057	0	1818601
42	1818359	2	38	67217675	36.97	38	38	38	0	38	38	417319	495074	541173	364792	1	1818601
43	1818358	2	38	67203564	36.96	38	38	38	0	38	38	397180	534056	524450	362664	8	1818601
44	1818355	2	38	67187979	36.95	38	38	38	0	38	38	396300	547266	512968	361817	4	1818601
45	1818353	2	38	67278761	37.00	38	38	38	0	38	38	404658	533025	512116	368553	1	1818601
46	1818352	2	38	67217411	36.97	38	38	38	0	38	38	413695	492871	545970	365743	73	1818601
47	1818349	14	38	67252686	36.99	38	38	38	0	38	38	405888	511069	536291	365101	0	1818601
48	1818344	2	38	67174287	36.94	38	38	38	0	38	38	419573	509351	536829	352492	99	1818601
49	1818342	2	38	67198494	36.96	38	38	38	0	38	38	422428	500282	542899	352667	66	1818601
50	1818339	2	38	67154645	36.93	38	38	38	0	38	38	420135	529762	508887	359479	76	1818601
51	1818337	2	38	67179537	36.95	38	38	38	0	38	38	411606	530870	506577	369134	150	1818601
52	1818334	2	38	67123086	36.91	38	38	38	0	38	38	404241	536366	511472	366220	35	1818601
53	1818332	2	38	66978212	36.83	38	38	38	0	38	38	431601	513620	490819	379053	3239	1818601
54	1818330	2	38	67035020	36.87	38	38	38	0	38	38	425080	521995	508241	362248	766	1818601
55	1818327	2	38	67034900	36.87	38	38	38	0	38	38	428467	531088	496419	361982	371	1818601
56	1818324	2	38	67002032	36.85	38	38	38	0	38	38	430465	534626	479151	373777	305	1818601
57	1818319	2	38	67031125	36.86	38	38	38	0	38	38	435238	499085	510772	372721	503	1818601
58	1818313	2	38	66983935	36.84	38	38	38	0	38	38	411123	503414	529594	373783	399	1818601
59	1818312	2	38	66951845	36.82	38	38	38	0	38	38	435396	503918	515442	363035	521	1818601
60	1818308	2	38	66911968	36.80	38	38	38	0	38	38	416864	504646	530770	365821	207	1818601
61	1818307	2	38	66882267	36.78	38	38	38	0	38	38	416403	522463	521853	356624	964	1818601
62	1818304	2	38	66661348	36.66	38	38	38	0	38	38	423139	498963	521431	368832	5939	1818601
63	1818302	2	38	66771299	36.72	38	38	38	0	38	38	435492	503547	502636	375660	967	1818601
64	1818301	2	38	66729736	36.70	38	38	38	0	38	38	421444	481601	530509	384366	381	1818601
65	1818296	2	38	66735476	36.70	38	38	38	0	38	38	429444	458349	545950	383910	643	1818601
66	1818292	2	38	66671473	36.67	38	38	38	0	38	38	438778	462500	543104	373202	708	1818601
67	1818290	2	38	66766572	36.72	38	38	38	0	38	38	443386	454791	542748	376946	419	1818601
68	1818287	2	38	66688197	36.68	38	38	38	0	38	38	470664	449328	516655	381230	410	1818601
69	1818285	2	38	66725179	36.70	38	38	38	0	38	38	484368	443434	514884	375377	222	1818601
70	1818284	2	38	66714639	36.69	38	38	38	0	38	38	444559	465692	537687	370281	65	1818601
71	1818281	2	38	66710890	36.69	38	38	38	0	38	38	483501	448060	507114	379579	27	1818601
72	1818270	2	38	66721682	36.70	38	38	38	0	38	38	455748	478700	517391	366419	12	1818601
73	1818264	2	38	66723132	36.70	38	38	38	0	38	38	459183	468875	520875	369330	1	1818601
74	1818256	2	38	66696132	36.68	38	38	38	0	38	38	453395	472949	515336	376552	24	1818601
75	1818252	2	38	66628954	36.64	38	38	38	0	38	38	453463	485542	487986	391198	63	1818601
76	1818243	2	38	66620472	36.64	38	38	38	0	38	38	445099	488629	497262	387213	40	1818601
77	1818237	2	38	66590919	36.62	38	38	38	0	38	38	453313	461643	531023	372240	18	1818601
78	1818228	2	38	66464031	36.55	38	38	38	0	38	38	488000	456877	508610	364707	34	1818601
79	1818221	2	38	66498639	36.57	38	38	38	0	38	38	482921	463082	516585	355568	65	1818601
80	1818209	2	38	66474931	36.56	38	38	38	0	38	38	451771	483694	499440	383222	82	1818601
81	1818199	2	38	66456046	36.55	38	38	38	0	38	38	450652	474211	484147	409101	88	1818601
82	1818186	2	38	66441046	36.54	38	38	38	0	38	38	452975	469869	502269	392960	113	1818601
83	1818157	2	38	66429636	36.54	38	38	38	0	38	38	455176	466718	520707	375482	74	1818601
84	1818144	2	38	66428291	36.54	38	38	38	0	38	38	464793	479378	494914	378900	159	1818601
85	1818124	2	38	66349002	36.49	38	38	38	0	38	38	451238	490680	487736	388390	80	1818601
86	1818087	2	38	66316685	36.48	38	38	38	0	38	38	458980	458846	483790	416323	148	1818601
87	1818024	2	38	66261494	36.45	38	38	38	0	38	38	491938	458683	461182	406120	101	1818601
88	1817869	2	38	66240485	36.44	38	38	38	0	38	38	457364	458265	460509	441635	96	1818601
89	1817567	2	38	66272080	36.46	38	38	38	0	38	38	471960	464293	445219	435904	191	1818601
90	1817179	2	38	66247753	36.46	38	38	38	0	38	38	480266	453115	441715	441968	115	1818601
91	1816313	2	38	66207592	36.45	38	38	38	0	38	38	509631	449516	453732	403342	92	1818601
92	1814603	2	38	66121504	36.44	38	38	38	0	38	38	491839	460650	480680	381325	109	1818601
93	1811677	2	38	65971719	36.41	38	38	38	0	38	38	508010	462324	463673	377559	111	1818601
94	1806968	2	38	65846625	36.44	38	38	38	0	38	38	488194	449661	496100	372904	109	1818601
95	1800063	2	38	65561635	36.42	38	38	38	0	38	38	500383	432792	511115	355553	220	1818601
96	1778244	2	38	64674211	36.37	38	38	38	0	38	38	533884	441582	452986	349713	79	1818601
97	1707663	2	38	62114053	36.37	38	38	38	0	38	38	507369	416271	446698	337201	124	1818601
98	1640108	2	38	59626578	36.36	38	38	38	0	38	38	470278	412792	421907	335056	75	1818601
99	1573206	2	38	57202509	36.36	38	38	38	0	38	38	452981	395311	410317	314565	32	1818601
100	1503902	2	38	54618540	36.32	38	38	38	0	38	38	452745	377536	395643	277953	25	1818601
101	1435168	2	38	52030819	36.25	38	38	38	0	38	38	453280	348551	365862	267444	31	1818601
102	1366363	2	38	49517605	36.24	38	38	38	0	38	38	413841	332964	366784	252767	7	1818601
103	1296796	13	38	46995716	36.24	38	38	38	0	38	38	393712	319801	357881	225402	0	1818601
104	1227529	2	38	44455709	36.22	38	38	38	0	38	38	387275	295372	337571	207277	34	1818601
105	1155296	2	38	41841170	36.22	38	38	38	0	38	38	361628	281056	318524	194071	17	1818601
106	1081136	2	38	39129327	36.19	38	38	38	0	38	38	338092	287064	284050	171925	5	1818601
107	1003435	2	38	36286341	36.16	38	38	38	0	38	38	323738	263663	263743	152258	33	1818601
108	925212	2	38	33422300	36.12	38	38	38	0	38	38	302401	229457	252334	141006	14	1818601
109	848719	2	38	30585017	36.04	38	38	38	0	38	38	286487	212246	224112	125871	3	1818601
110	768678	2	38	27669124	36.00	37	38	38	1	36	38	258155	192204	212042	106269	8	1818601
111	688320	2	38	24739142	35.94	37	38	38	1	36	38	234925	176692	186332	90364	7	1818601
112	605940	2	38	21729991	35.86	37	38	38	1	36	38	216436	157576	158362	73564	2	1818601
113	518476	2	38	18580546	35.84	37	38	38	1	36	38	185125	133883	145117	54310	41	1818601
114	433375	2	38	15517547	35.81	37	38	38	1	36	38	146083	115951	127014	44300	27	1818601
115	348506	2	38	12454327	35.74	36	38	38	2	33	38	113683	101075	97181	36565	2	1818601
116	262509	2	38	9372855	35.70	36	38	38	2	33	38	82567	80011	71374	28551	6	1818601
117	173866	2	38	6204561	35.69	36	38	38	2	33	38	56391	51546	44980	20942	7	1818601
118	87379	2	38	3105405	35.54	36	38	38	2	33	38	28975	26474	20563	11366	1	1818601
119	784	13	38	21438	27.34	14	33	38	24	13	38	261	194	175	154	0	1818601
120	784	13	38	21526	27.46	14	34	38	24	13	38	299	170	148	167	0	1818601
121	784	13	38	21277	27.14	14	33	38	24	13	38	293	166	146	179	0	1818601
122	784	13	38	21133	26.96	14	33	38	24	13	38	256	185	183	160	0	1818601
123	784	13	38	21207	27.05	14	32	38	24	13	38	274	171	171	168	0	1818601
124	784	13	38	21096	26.91	14	32	38	24	13	38	297	170	161	156	0	1818601
125	784	13	38	21074	26.88	14	31	38	24	13	38	274	183	171	156	0	1818601
126	784	13	38	19840	25.31	14	25	36	22	13	38	261	197	159	167	0	1818601
