column	count	min	max	sum	mean	Q1	med	Q3	IQR	lW	rW	A_Count	C_Count	G_Count	T_Count	N_Count	Max_count
1	14312	2	34	385524	26.94	27	27	28	1	26	29	12947	92	1102	169	2	14312
2	14311	2	34	374781	26.19	25	27	28	3	21	32	1347	191	197	12573	3	14312
3	14311	2	34	279777	19.55	18	18	18	0	18	18	314	8399	373	5222	3	14312
4	14310	2	34	245054	17.12	15	15	15	0	15	15	357	2508	10005	1437	3	14312
5	14310	2	34	328897	22.98	15	27	27	12	2	34	320	293	13314	380	3	14312
6	14310	2	38	242692	16.96	14	14	16	2	11	19	4903	272	8744	387	4	14312
7	14310	2	38	348260	24.34	16	28	29	13	2	38	13312	222	470	303	3	14312
8	14310	2	38	242845	16.97	14	14	16	2	11	19	3574	237	10223	273	3	14312
9	14310	2	38	273445	19.11	14	16	26	12	2	38	12184	244	1614	265	3	14312
10	14310	2	38	267856	18.72	14	16	26	12	2	38	1843	236	11882	345	4	14312
11	14310	2	38	241664	16.89	15	15	16	1	14	17	688	8283	5022	314	3	14312
12	14310	2	38	281471	19.67	14	15	26	12	2	38	291	1170	12564	281	4	14312
13	14310	2	38	252473	17.64	14	14	16	2	11	19	321	479	8164	5343	3	14312
14	14310	2	38	253798	17.74	14	14	24	10	2	38	406	11530	829	1542	3	14312
15	14310	2	38	268867	18.79	14	14	24	10	2	38	374	1453	12031	449	3	14312
16	14310	2	38	252186	17.62	14	14	24	10	2	38	376	544	4701	8685	4	14312
17	14310	2	38	287985	20.12	14	15	27	13	2	38	381	277	12309	1339	4	14312
18	14310	2	38	275278	19.24	14	15	25	11	2	38	297	281	3321	10408	3	14312
19	14310	2	38	243997	17.05	14	16	16	2	11	19	9102	271	1134	3800	3	14312
20	14310	2	38	268755	18.78	15	16	25	10	2	38	1579	227	11871	630	3	14312
21	14310	2	38	355806	24.86	16	27	28	12	2	38	329	221	13484	272	4	14312
22	14309	2	38	430601	30.09	27	34	36	9	14	38	302	157	13609	238	3	14312
23	14307	2	38	235856	16.49	14	14	16	2	11	19	3122	234	10605	342	4	14312
24	14307	2	38	289865	20.26	14	16	27	13	2	38	13113	205	683	302	4	14312
25	14307	2	38	391898	27.39	24	28	34	10	9	38	13548	202	312	241	4	14312
26	14277	2	38	235423	16.49	14	15	15	1	13	16	7522	232	6272	247	4	14312
27	14277	2	38	279021	19.54	16	16	25	9	3	38	12497	234	1296	246	4	14312
28	14277	2	38	254403	17.82	16	16	16	0	16	16	2666	249	11086	272	4	14312
29	14277	2	38	239270	16.76	14	16	16	2	11	19	1320	287	7056	5610	4	14312
30	14277	2	38	263933	18.49	14	16	24	10	2	38	387	285	12273	1328	4	14312
31	14268	2	38	266592	18.68	15	16	25	10	2	38	355	282	3332	10295	4	14312
32	14258	2	38	240691	16.88	16	16	16	0	16	16	8978	236	1308	3732	4	14312
33	14252	2	38	232643	16.32	14	16	16	2	11	19	3469	262	9505	1012	4	14312
34	14252	2	38	247916	17.40	15	16	16	1	14	17	11567	253	1992	436	4	14312
35	14252	2	38	244579	17.16	16	16	16	0	16	16	4863	261	861	8263	4	14312
36	14252	2	38	257773	18.09	16	16	16	0	16	16	2616	4756	818	6058	4	14312
37	14252	2	38	310654	21.80	16	25	28	12	2	38	492	906	448	12402	4	14312
38	14252	2	38	253100	17.76	16	16	16	0	16	16	516	8248	498	4986	4	14312
39	14252	2	38	251336	17.64	15	16	16	1	14	17	517	3557	8133	2041	4	14312
40	14250	2	38	313536	22.00	15	24	28	13	2	38	424	479	12907	436	4	14312
41	14249	2	38	243246	17.07	14	14	16	2	11	19	412	414	8056	5363	4	14312
42	14249	2	38	269827	18.94	14	15	25	11	2	38	364	335	12195	1351	4	14312
43	14249	14	38	332590	23.34	14	24	28	14	14	38	310	269	13205	465	0	14312
44	14249	2	38	233694	16.40	14	14	15	1	13	16	347	348	9438	4114	2	14312
45	14249	2	38	227883	15.99	14	14	15	1	13	16	597	4221	6355	3072	4	14312
46	14249	2	38	268437	18.84	14	14	25	11	2	38	373	885	12309	678	4	14312
47	14247	2	38	225963	15.86	14	14	15	1	13	16	404	7106	6243	490	4	14312
48	14247	2	38	276540	19.41	14	16	25	11	2	38	357	12538	1007	342	3	14312
49	14246	2	38	232578	16.33	14	14	15	1	13	16	306	3194	10419	323	4	14312
50	14246	2	38	223298	15.67	14	14	14	0	14	14	413	1450	9977	2402	4	14312
51	14246	14	38	238679	16.75	14	14	16	2	14	19	6516	1212	4811	1707	0	14312
52	14246	14	38	259126	18.19	14	14	24	10	14	38	1976	529	1515	10226	0	14312
53	14246	2	38	249064	17.48	14	14	24	10	2	38	885	8747	1109	3486	19	14312
54	14246	2	38	260006	18.25	15	15	24	9	2	37	9154	3591	650	840	11	14312
55	14245	2	38	256502	18.01	15	15	16	1	14	17	3180	1034	686	9334	11	14312
56	14244	2	38	322209	22.62	15	25	27	12	2	38	618	513	472	12630	11	14312
57	14242	2	38	245383	17.23	15	15	16	1	14	17	7523	442	489	5766	22	14312
58	14233	2	38	300615	21.12	15	16	26	11	2	38	12588	367	392	868	18	14312
59	14224	2	38	369182	25.95	16	26	34	18	2	38	13193	343	365	315	8	14312
60	14224	2	38	421706	29.65	25	34	36	11	9	38	13287	310	360	259	8	14312
61	14224	2	38	451204	31.72	28	35	38	10	13	38	13360	234	335	286	9	14312
62	14224	2	38	463469	32.58	30	36	38	8	18	38	13415	219	334	247	9	14312
63	14224	2	38	465167	32.70	31	38	38	7	21	38	13424	228	312	251	9	14312
64	14181	2	38	465090	32.80	31	38	38	7	21	38	13431	232	282	226	10	14312
65	14112	2	38	464514	32.92	32	38	38	6	23	38	13330	222	322	229	9	14312
66	14107	2	38	460817	32.67	31	38	38	7	21	38	13318	238	328	215	8	14312
67	14106	2	38	411686	29.19	24	34	38	14	3	38	13013	309	478	297	9	14312
68	14106	2	38	343693	24.37	14	25	34	20	2	38	12434	474	705	484	9	14312
69	14106	2	38	296811	21.04	14	24	25	11	2	38	11848	656	944	649	9	14312
70	14105	2	38	272690	19.33	14	15	25	11	2	38	11238	744	1318	796	9	14312
71	14105	2	38	259091	18.37	14	15	25	11	2	38	10581	942	1657	915	10	14312
72	14105	2	38	256814	18.21	14	14	24	10	2	38	10292	973	1771	1059	10	14312
73	14105	2	38	249953	17.72	14	14	24	10	2	38	9455	1138	2265	1237	10	14312
74	14104	2	38	249115	17.66	14	14	24	10	2	38	9081	1205	2374	1434	10	14312
75	14104	2	38	247394	17.54	14	14	24	10	2	38	8512	1280	2906	1397	9	14312
76	14104	2	38	242023	17.16	14	14	21	7	4	31	8159	1315	2905	1716	9	14312
77	14103	2	38	243039	17.23	14	14	22	8	2	34	8045	1463	2982	1604	9	14312
78	14102	2	38	237721	16.86	14	14	16	2	11	19	7724	1416	3249	1704	9	14312
79	14101	2	38	240099	17.03	14	14	21	7	4	31	7683	1566	3091	1751	10	14312
80	14101	2	38	236907	16.80	13	14	21	8	2	33	7294	1661	3256	1879	11	14312
81	14101	2	38	237175	16.82	13	14	16	3	9	20	6970	1648	3544	1929	10	14312
82	14100	2	38	235296	16.69	13	14	16	3	9	20	6644	1680	3661	2107	8	14312
83	14100	2	38	234651	16.64	13	14	15	2	10	18	6669	1829	3567	2026	9	14312
84	14100	2	38	232147	16.46	13	14	15	2	10	18	6275	1914	3856	2046	9	14312
85	14100	2	38	232614	16.50	13	14	15	2	10	18	5943	1829	4325	1995	8	14312
86	14098	2	38	233013	16.53	13	14	15	2	10	18	5862	1841	4258	2129	8	14312
87	14098	2	38	231082	16.39	13	14	15	2	10	18	5729	1851	4473	2038	7	14312
88	14098	2	38	229032	16.25	13	14	15	2	10	18	5368	1863	4731	2129	7	14312
89	14097	2	38	230433	16.35	13	14	15	2	10	18	5329	1913	4602	2245	8	14312
90	14097	2	38	231080	16.39	13	14	15	2	10	18	5289	2161	4510	2130	7	14312
91	14097	2	38	228379	16.20	13	14	15	2	10	18	5003	2086	4771	2229	8	14312
92	14095	2	38	228328	16.20	13	14	15	2	10	18	4961	2222	4731	2174	7	14312
93	14095	2	38	230069	16.32	13	14	15	2	10	18	4915	2404	4622	2147	7	14312
94	14095	2	38	229194	16.26	13	14	15	2	10	18	4758	2165	4943	2222	7	14312
95	14095	2	38	228729	16.23	13	14	15	2	10	18	4805	2286	4684	2312	8	14312
96	14094	2	38	227916	16.17	13	14	15	2	10	18	4881	2306	4524	2375	8	14312
97	14092	2	38	229060	16.25	13	14	15	2	10	18	4751	2325	4396	2613	7	14312
98	14092	2	38	229187	16.26	13	14	15	2	10	18	4728	2454	4478	2425	7	14312
99	14092	2	38	228602	16.22	13	14	15	2	10	18	5106	2346	4227	2406	7	14312
100	14092	2	38	229887	16.31	13	14	15	2	10	18	5074	2344	4117	2551	6	14312
101	14091	2	38	228808	16.24	13	14	15	2	10	18	5019	2312	4158	2595	7	14312
102	14091	2	38	228232	16.20	13	14	15	2	10	18	5248	2322	3949	2565	7	14312
103	14090	2	38	229078	16.26	13	14	15	2	10	18	5496	2256	3890	2440	8	14312
104	14090	2	38	228119	16.19	13	14	15	2	10	18	5476	2244	3962	2402	6	14312
105	14089	2	38	228314	16.21	13	14	15	2	10	18	5720	2184	3959	2221	5	14312
106	14089	2	38	228434	16.21	13	14	15	2	10	18	5830	2144	3845	2263	7	14312
107	14089	2	38	228242	16.20	13	14	15	2	10	18	5924	2243	3644	2271	7	14312
108	14089	2	38	227557	16.15	13	14	15	2	10	18	6117	2082	3731	2153	6	14312
109	14088	2	38	227801	16.17	13	14	15	2	10	18	6063	2129	3791	2098	7	14312
110	14088	2	38	227475	16.15	13	14	15	2	10	18	5980	2282	3627	2191	8	14312
111	14088	2	38	225829	16.03	13	14	14	1	12	15	6111	2241	3657	2072	7	14312
112	14088	2	38	227072	16.12	13	14	15	2	10	18	5972	2238	3740	2133	5	14312
113	14088	2	38	225905	16.04	13	14	14	1	12	15	5903	2360	3706	2113	6	14312
114	14088	2	38	226232	16.06	13	14	14	1	12	15	5746	2274	3806	2257	5	14312
115	14088	2	38	226383	16.07	13	14	14	1	12	15	5698	2339	3754	2291	6	14312
116	14088	2	38	226872	16.10	13	14	14	1	12	15	5723	2285	3820	2252	8	14312
117	14088	2	38	226580	16.08	13	14	14	1	12	15	5655	2295	3858	2274	6	14312
118	14088	2	38	225929	16.04	13	14	14	1	12	15	5429	2470	3781	2401	7	14312
119	14088	2	38	226578	16.08	13	14	14	1	12	15	5574	2452	3804	2252	6	14312
120	14088	2	38	226341	16.07	13	14	14	1	12	15	5524	2439	3720	2398	7	14312
121	14088	2	38	225712	16.02	13	14	14	1	12	15	5271	2382	3927	2491	17	14312
122	14088	2	38	226037	16.04	13	14	14	1	12	15	5351	2412	3798	2509	18	14312
123	14088	2	38	225013	15.97	13	14	14	1	12	15	5485	2432	3871	2293	7	14312
124	14088	2	38	224047	15.90	13	14	14	1	12	15	5420	2416	3894	2349	9	14312
125	14088	2	38	225117	15.98	13	14	14	1	12	15	5536	2359	3911	2273	9	14312
126	14088	2	38	223678	15.88	13	14	14	1	12	15	6274	1942	3892	1972	8	14312
