column	count	min	max	sum	mean	Q1	med	Q3	IQR	lW	rW	A_Count	C_Count	G_Count	T_Count	N_Count	Max_count
1	28390467	2	34	924388975	32.56	33	34	34	1	32	34	8511723	5888631	4953954	8947900	88259	28390467
2	28390458	2	34	930035877	32.76	33	34	34	1	32	34	8720573	5375677	5779003	8515160	45	28390467
3	28390419	18	34	932614620	32.85	33	34	34	1	32	34	8553125	5698224	5814376	8324694	0	28390467
4	28390338	15	34	931992003	32.83	33	34	34	1	32	34	8080309	5903812	6006684	8399533	0	28390467
5	28390308	15	34	933458715	32.88	33	34	34	1	32	34	8026608	5856979	6221428	8285293	0	28390467
6	28390302	14	38	1051999449	37.05	38	38	38	0	38	38	8151276	6068177	6205795	7965054	0	28390467
7	28390294	2	38	1046243198	36.85	38	38	38	0	38	38	8086319	5867067	6297275	8139622	11	28390467
8	28390287	14	38	1050644523	37.01	38	38	38	0	38	38	8165183	6042387	6098660	8084057	0	28390467
9	28390272	2	38	1052907875	37.09	38	38	38	0	38	38	8038187	6110488	5971256	8270201	140	28390467
10	28390258	14	38	1053331556	37.10	38	38	38	0	38	38	8144089	6082332	6025265	8138572	0	28390467
11	28390244	2	38	1053338393	37.10	38	38	38	0	38	38	8127953	6081487	5982924	8197792	88	28390467
12	28390211	14	38	1052708000	37.08	38	38	38	0	38	38	8188105	6072178	5944210	8185718	0	28390467
13	28390189	14	38	1053368473	37.10	38	38	38	0	38	38	8197319	6018938	5961814	8212118	0	28390467
14	28390153	2	38	1053089377	37.09	38	38	38	0	38	38	8212438	5988642	5966461	8222607	5	28390467
15	28390115	14	38	1053526091	37.11	38	38	38	0	38	38	8172951	6050926	5956615	8209623	0	28390467
16	28390088	14	38	1052866613	37.09	38	38	38	0	38	38	8168773	6011428	5981446	8228441	0	28390467
17	28390049	14	38	1053461562	37.11	38	38	38	0	38	38	8159598	6034398	5984938	8211115	0	28390467
18	28389998	2	38	1053135777	37.10	38	38	38	0	38	38	8152932	6078111	5982019	8176935	1	28390467
19	28389950	2	38	1053587418	37.11	38	38	38	0	38	38	8153361	6042766	5989820	8203882	121	28390467
20	28389893	2	38	1053003641	37.09	38	38	38	0	38	38	8149591	6061122	6002818	8176348	14	28390467
21	28389844	14	38	1053222053	37.10	38	38	38	0	38	38	8131012	6080633	5987689	8190510	0	28390467
22	28389776	2	38	1052981229	37.09	38	38	38	0	38	38	8135491	6063051	5988499	8202590	145	28390467
23	28389716	2	38	1053034367	37.09	38	38	38	0	38	38	8127541	6065659	6003688	8192154	674	28390467
24	28389651	2	38	1052399293	37.07	38	38	38	0	38	38	8121526	6083600	6005738	8178730	57	28390467
25	28389581	2	38	1052409085	37.07	38	38	38	0	38	38	8125088	6067815	6025425	8170919	334	28390467
26	28389511	2	38	1050875150	37.02	38	38	38	0	38	38	8135955	6057366	6032732	8162650	808	28390467
27	28389432	2	38	1050876442	37.02	38	38	38	0	38	38	8093607	6092363	6046756	8155826	880	28390467
28	28389350	2	38	1050185915	36.99	38	38	38	0	38	38	8100409	6092316	6045252	8150667	706	28390467
29	28389287	2	38	1049902039	36.98	38	38	38	0	38	38	8104826	6082216	6046978	8154104	1163	28390467
30	28389196	2	38	1049210202	36.96	38	38	38	0	38	38	8087054	6100142	6054219	8145482	2299	28390467
31	28389131	2	38	1049270187	36.96	38	38	38	0	38	38	8102842	6090366	6045344	8148717	1862	28390467
32	28389045	2	38	1048796948	36.94	38	38	38	0	38	38	8118271	6084136	6039087	8146726	825	28390467
33	28388984	2	38	1049164127	36.96	38	38	38	0	38	38	8110872	6088927	6040905	8147612	668	28390467
34	28388904	2	38	1048436107	36.93	38	38	38	0	38	38	8119975	6070761	6055491	8140345	2332	28390467
35	28388843	2	38	1048525007	36.93	38	38	38	0	38	38	8124665	6079664	6059742	8123735	1037	28390467
36	28388775	2	38	1047709581	36.91	38	38	38	0	38	38	8116273	6092004	6046822	8129576	4100	28390467
37	28388687	2	38	1047562531	36.90	38	38	38	0	38	38	8117872	6078895	6057145	8131905	2870	28390467
38	28388607	2	38	1046912664	36.88	38	38	38	0	38	38	8119030	6076778	6074545	8115510	2744	28390467
39	28388545	2	38	1046372029	36.86	38	38	38	0	38	38	8091865	6101347	6071378	8121405	2550	28390467
40	28388474	2	38	1045730675	36.84	38	38	38	0	38	38	8095292	6103206	6068317	8118701	2958	28390467
41	28388410	2	38	1045677699	36.83	38	38	38	0	38	38	8110566	6088043	6061610	8125978	2213	28390467
42	28388327	2	38	1044948473	36.81	38	38	38	0	38	38	8095955	6104051	6064975	8121606	1740	28390467
43	28388258	2	38	1044723356	36.80	38	38	38	0	38	38	8111675	6092550	6060303	8120526	3204	28390467
44	28388186	2	38	1043792415	36.77	38	38	38	0	38	38	8110495	6087962	6058526	8128484	2719	28390467
45	28388110	2	38	1044174922	36.78	38	38	38	0	38	38	8095566	6096032	6064118	8127988	4406	28390467
46	28388036	2	38	1043122612	36.75	38	38	38	0	38	38	8102666	6092634	6066601	8120872	5263	28390467
47	28387963	2	38	1043542234	36.76	38	38	38	0	38	38	8103520	6089628	6069977	8122178	2660	28390467
48	28387881	2	38	1042188733	36.71	38	38	38	0	38	38	8088205	6111894	6067494	8113152	7136	28390467
49	28387795	2	38	1042375760	36.72	38	38	38	0	38	38	8090621	6099316	6076617	8115470	5771	28390467
50	28387731	2	38	1041484917	36.69	38	38	38	0	38	38	8099801	6090843	6077596	8112343	7148	28390467
51	28387650	2	38	1041925251	36.70	38	38	38	0	38	38	8084092	6106035	6069598	8117772	10153	28390467
52	28387570	2	38	1041032764	36.67	38	38	38	0	38	38	8095497	6095607	6075999	8117545	2922	28390467
53	28387483	2	38	1038967080	36.60	38	38	38	0	38	38	8089554	6082129	6062292	8101470	52038	28390467
54	28387409	2	38	1039328821	36.61	38	38	38	0	38	38	8088011	6093671	6067692	8117261	20774	28390467
55	28387311	2	38	1039319885	36.61	38	38	38	0	38	38	8097389	6090105	6072326	8113453	14038	28390467
56	28387211	2	38	1038632583	36.59	38	38	38	0	38	38	8098476	6084546	6076756	8114784	12649	28390467
57	28387107	2	38	1038822299	36.59	38	38	38	0	38	38	8079778	6104822	6071546	8114365	16596	28390467
58	28386997	2	38	1038183821	36.57	38	38	38	0	38	38	8086906	6093927	6079662	8111469	15033	28390467
59	28386913	2	38	1038392669	36.58	38	38	38	0	38	38	8092668	6090127	6077362	8110409	16347	28390467
60	28386821	2	38	1037833629	36.56	38	38	38	0	38	38	8077894	6113262	6073947	8111665	10053	28390467
61	28386688	2	38	1037618956	36.55	38	38	38	0	38	38	8085107	6095776	6069893	8118032	17880	28390467
62	28386578	2	38	1033823827	36.42	38	38	38	0	38	38	8059495	6076984	6057538	8092622	99939	28390467
63	28386442	2	38	1035995752	36.50	38	38	38	0	38	38	8079743	6104615	6063081	8115294	23709	28390467
64	28386328	2	38	1035284105	36.47	38	38	38	0	38	38	8093208	6098684	6067888	8112537	14011	28390467
65	28386214	2	38	1035939959	36.49	38	38	38	0	38	38	8094601	6086075	6077324	8109251	18963	28390467
66	28386070	2	38	1034941039	36.46	38	38	38	0	38	38	8078252	6095439	6081003	8111638	19738	28390467
67	28385935	2	38	1035511786	36.48	38	38	38	0	38	38	8088435	6093549	6082563	8106763	14625	28390467
68	28385794	2	38	1034706643	36.45	38	38	38	0	38	38	8084547	6094912	6083828	8107883	14624	28390467
69	28385660	2	38	1034950060	36.46	38	38	38	0	38	38	8076400	6115516	6075958	8107271	10515	28390467
70	28385482	2	38	1034172867	36.43	38	38	38	0	38	38	8085848	6097129	6086063	8114309	2133	28390467
71	28385314	2	38	1034666252	36.45	38	38	38	0	38	38	8092189	6096967	6080940	8114754	464	28390467
72	28385130	2	38	1034381041	36.44	38	38	38	0	38	38	8072035	6120518	6075331	8116966	280	28390467
73	28384968	2	38	1034336784	36.44	38	38	38	0	38	38	8090787	6102601	6069591	8121919	70	28390467
74	28384767	2	38	1033669094	36.42	38	38	38	0	38	38	8098482	6089240	6072867	8123554	624	28390467
75	28384597	2	38	1033272453	36.40	38	38	38	0	38	38	8086532	6108293	6070300	8118332	1140	28390467
76	28384377	2	38	1032688554	36.38	38	38	38	0	38	38	8092290	6097111	6074170	8119740	1066	28390467
77	28384147	2	38	1032274214	36.37	38	38	38	0	38	38	8098399	6090103	6082655	8112371	619	28390467
78	28383930	2	38	1031800831	36.35	38	38	38	0	38	38	8094093	6099441	6077111	8112542	743	28390467
79	28383719	2	38	1031344362	36.34	38	38	38	0	38	38	8082737	6100113	6089281	8110337	1251	28390467
80	28383499	2	38	1030956569	36.32	38	38	38	0	38	38	8085560	6109143	6078707	8108806	1283	28390467
81	28383251	2	38	1030634255	36.31	38	38	38	0	38	38	8084094	6118000	6065696	8113853	1608	28390467
82	28383003	2	38	1029699668	36.28	38	38	38	0	38	38	8089451	6099231	6082184	8110219	1918	28390467
83	28382756	2	38	1029223586	36.26	38	38	38	0	38	38	8091694	6095781	6079032	8114595	1654	28390467
84	28382443	2	38	1028678837	36.24	38	38	38	0	38	38	8082168	6106447	6069318	8121929	2581	28390467
85	28382134	2	38	1028050510	36.22	38	38	38	0	38	38	8089581	6094542	6068955	8127694	1362	28390467
86	28381768	2	38	1026972658	36.18	38	38	38	0	38	38	8100603	6085009	6077674	8116106	2376	28390467
87	28381413	2	38	1026499963	36.17	38	38	38	0	38	38	8079027	6104532	6084120	8111853	1881	28390467
88	28381079	2	38	1025783202	36.14	38	38	38	0	38	38	8087800	6096989	6080049	8114267	1974	28390467
89	28380714	2	38	1025376169	36.13	38	38	38	0	38	38	8086424	6093414	6081269	8116086	3521	28390467
90	28380304	2	38	1024382584	36.09	37	38	38	1	36	38	8078083	6103720	6085270	8110819	2412	28390467
91	28379869	2	38	1023768467	36.07	37	38	38	1	36	38	8080630	6096008	6083182	8117968	2081	28390467
92	28379362	2	38	1022940610	36.05	37	38	38	1	36	38	8078200	6093511	6082271	8122950	2430	28390467
93	28378839	2	38	1022588948	36.03	37	38	38	1	36	38	8076686	6111692	6071879	8116442	2140	28390467
94	28378334	2	38	1021835362	36.01	37	38	38	1	36	38	8082775	6093207	6076797	8123166	2389	28390467
95	28377829	2	38	1021323363	35.99	37	38	38	1	36	38	8087398	6085782	6077015	8123508	4126	28390467
96	28377370	2	38	1020657960	35.97	37	38	38	1	36	38	8078440	6096314	6076249	8124095	2272	28390467
97	28377334	2	38	1020048497	35.95	37	38	38	1	36	38	8091158	6089864	6070822	8122635	2855	28390467
98	28377307	2	38	1018939648	35.91	37	38	38	1	36	38	8095535	6085688	6075004	8119112	1968	28390467
99	28377275	2	38	1018641291	35.90	37	38	38	1	36	38	8072773	6105749	6076899	8120818	1036	28390467
100	28377253	2	38	1017698404	35.86	37	38	38	1	36	38	8080838	6097843	6077721	8120003	848	28390467
101	28377240	2	38	1016747912	35.83	37	38	38	1	36	38	8084825	6087285	6079850	8124291	989	28390467
102	28377217	2	38	1015792207	35.80	37	38	38	1	36	38	8079104	6101909	6077247	8118455	502	28390467
103	28377193	2	38	1015631000	35.79	37	38	38	1	36	38	8081467	6093094	6076552	8125784	296	28390467
104	28377176	2	38	1014667685	35.76	37	38	38	1	36	38	8090672	6086788	6071832	8126838	1046	28390467
105	28377155	2	38	1014580540	35.75	37	38	38	1	36	38	8084240	6100712	6070212	8121165	826	28390467
106	28377140	2	38	1013825916	35.73	37	38	38	1	36	38	8089092	6092174	6070035	8125152	687	28390467
107	28377123	2	38	1012889805	35.69	37	38	38	1	36	38	8094787	6089217	6074719	8117114	1286	28390467
108	28377110	2	38	1012297177	35.67	37	38	38	1	36	38	8075966	6107149	6069620	8123305	1070	28390467
109	28377096	2	38	1011926176	35.66	37	38	38	1	36	38	8089617	6085479	6070460	8130973	567	28390467
110	28377083	2	38	1010449462	35.61	37	38	38	1	36	38	8087954	6080803	6080254	8127210	862	28390467
111	28377083	2	38	1009367344	35.57	37	38	38	1	36	38	8075334	6100461	6076595	8123935	758	28390467
112	28377083	2	38	1007813156	35.52	36	38	38	2	33	38	8079194	6092781	6077914	8127028	166	28390467
113	28377083	2	38	1006695684	35.48	36	38	38	2	33	38	8085808	6090604	6076675	8121739	2257	28390467
114	28377083	2	38	1005790539	35.44	36	38	38	2	33	38	8074316	6096744	6071302	8132785	1936	28390467
115	28377083	2	38	1005286621	35.43	36	38	38	2	33	38	8085644	6091415	6070171	8128917	936	28390467
116	28377083	2	38	1003889386	35.38	36	38	38	2	33	38	8082579	6093969	6069496	8129979	1060	28390467
117	28377083	2	38	1003681435	35.37	36	38	38	2	33	38	8075059	6104728	6065889	8129938	1469	28390467
118	28377083	2	38	1002531130	35.33	36	38	38	2	33	38	8085279	6089880	6069254	8132008	662	28390467
119	28377083	2	38	1001535493	35.29	36	38	38	2	33	38	8081185	6084138	6080605	8130317	838	28390467
120	28377083	2	38	1000295733	35.25	36	38	38	2	33	38	8074989	6109346	6065412	8126667	669	28390467
121	28377083	2	38	998851443	35.20	36	38	38	2	33	38	8090147	6091886	6065439	8128257	1354	28390467
122	28377083	2	38	997290112	35.14	36	38	38	2	33	38	8090221	6080152	6078722	8126673	1315	28390467
123	28377083	2	38	997052841	35.14	36	38	38	2	33	38	8082446	6095521	6073180	8125348	588	28390467
124	28377083	2	38	996239456	35.11	36	38	38	2	33	38	8082931	6091346	6071916	8130352	538	28390467
125	28377083	2	38	994739591	35.05	35	38	38	3	31	38	8088151	6085202	6072692	8130493	545	28390467
126	28377083	2	38	910604880	32.09	29	36	38	9	16	38	8037420	6081037	6071967	8186257	402	28390467
