column	count	min	max	sum	mean	Q1	med	Q3	IQR	lW	rW	A_Count	C_Count	G_Count	T_Count	N_Count	Max_count
1	35317	2	34	955919	27.07	27	27	28	1	26	29	34119	119	833	244	2	35317
2	35316	2	34	918400	26.01	25	27	28	3	21	32	1456	312	379	33167	2	35317
3	35315	2	34	687941	19.48	18	18	18	0	18	18	596	23053	344	11319	3	35317
4	35315	2	34	599895	16.99	15	15	15	0	15	15	691	4612	26284	3725	3	35317
5	35315	2	34	814906	23.08	15	27	27	12	2	34	445	659	33582	626	3	35317
6	35315	2	38	576098	16.31	14	14	16	2	11	19	15633	555	18326	798	3	35317
7	35315	2	38	844796	23.92	16	26	29	13	2	38	33676	363	788	485	3	35317
8	35315	2	38	581073	16.45	14	14	16	2	11	19	6726	453	27495	638	3	35317
9	35315	2	38	639432	18.11	14	16	16	2	11	19	31487	352	2940	533	3	35317
10	35315	2	38	650492	18.42	14	16	26	12	2	38	2574	332	31842	564	3	35317
11	35315	2	38	578651	16.39	15	15	16	1	14	17	1652	19667	13286	707	3	35317
12	35315	2	38	711354	20.14	14	15	28	14	2	38	528	1358	32905	521	3	35317
13	35315	2	38	609053	17.25	14	14	16	2	11	19	869	995	20445	13003	3	35317
14	35315	2	38	628652	17.80	14	14	24	10	2	38	725	29885	2001	2701	3	35317
15	35315	2	38	668800	18.94	14	14	26	12	2	38	490	2165	31703	954	3	35317
16	35315	2	38	609531	17.26	14	14	16	2	11	19	683	985	12645	20999	3	35317
17	35315	2	38	725937	20.56	14	16	27	13	2	38	455	401	32565	1891	3	35317
18	35314	2	38	672017	19.03	14	15	25	11	2	38	638	466	7406	26801	3	35317
19	35314	2	38	590570	16.72	14	16	16	2	11	19	24397	573	2586	7755	3	35317
20	35314	2	38	651099	18.44	14	16	24	10	2	38	2490	368	31145	1308	3	35317
21	35314	2	38	861326	24.39	16	27	28	12	2	38	501	316	33920	574	3	35317
22	35312	2	38	1062879	30.10	27	34	36	9	14	38	453	400	34033	423	3	35317
23	35311	2	38	566872	16.05	14	14	16	2	11	19	9368	426	24820	695	2	35317
24	35281	2	38	680324	19.28	14	15	25	11	2	38	32702	348	1785	443	3	35317
25	35281	2	38	922436	26.15	24	27	31	7	14	38	33942	310	619	407	3	35317
26	35281	2	38	561365	15.91	14	15	15	1	13	16	14952	391	19374	561	3	35317
27	35281	2	38	657256	18.63	16	16	25	9	3	38	31868	386	2475	549	3	35317
28	35281	2	38	623903	17.68	16	16	16	0	16	16	4116	407	30212	543	3	35317
29	35280	2	38	581852	16.49	15	15	16	1	14	17	2601	486	17952	14238	3	35317
30	35272	2	38	646286	18.32	14	16	24	10	2	38	714	369	32098	2088	3	35317
31	35272	2	38	651451	18.47	14	16	24	10	2	38	601	407	7888	26373	3	35317
32	35272	2	38	588509	16.68	15	16	16	1	14	17	23555	472	2834	8408	3	35317
33	35272	2	38	567802	16.10	14	15	16	2	11	19	7424	473	25036	2336	3	35317
34	35272	2	38	606047	17.18	15	16	16	1	14	17	29623	570	4130	946	3	35317
35	35272	2	38	598429	16.97	16	16	16	0	16	16	10046	508	1909	22806	3	35317
36	35272	2	38	635168	18.01	16	16	16	0	16	16	5624	11374	2005	16266	3	35317
37	35272	2	38	759758	21.54	16	16	28	12	2	38	1074	1823	876	31496	3	35317
38	35272	2	38	628187	17.81	16	16	16	0	16	16	1084	22645	878	10662	3	35317
39	35272	2	38	623570	17.68	15	16	16	1	14	17	992	7380	22591	4306	3	35317
40	35272	2	38	787314	22.32	15	25	28	13	2	38	611	833	33014	811	3	35317
41	35272	2	38	593157	16.82	14	14	16	2	11	19	911	901	19199	14258	3	35317
42	35272	2	38	659541	18.70	14	15	25	11	2	38	590	593	31754	2332	3	35317
43	35272	14	38	841893	23.87	14	25	28	14	14	38	522	405	33649	696	0	35317
44	35272	14	38	574860	16.30	14	14	14	0	14	14	759	631	23876	10006	0	35317
45	35272	2	38	557988	15.82	14	14	15	1	13	16	1140	10736	16212	7182	2	35317
46	35272	2	38	656984	18.63	14	14	25	11	2	38	686	1769	31504	1311	2	35317
47	35272	2	38	550156	15.60	14	14	14	0	14	14	833	17705	15658	1073	3	35317
48	35272	2	38	652371	18.50	14	15	24	10	2	38	676	31248	2699	648	1	35317
49	35271	2	38	574659	16.29	14	14	15	1	13	16	613	6065	27991	599	3	35317
50	35271	2	38	556681	15.78	14	14	14	0	14	14	1077	3264	24645	6282	3	35317
51	35271	14	38	582898	16.53	14	14	15	1	14	16	16122	2717	12820	3612	0	35317
52	35271	14	38	622102	17.64	14	14	24	10	14	38	4783	1358	4487	24643	0	35317
53	35267	2	38	612572	17.37	14	14	24	10	2	38	2087	22407	2631	8117	25	35317
54	35267	2	38	632829	17.94	14	15	24	10	2	38	22969	8928	1533	1824	13	35317
55	35267	2	38	633012	17.95	15	15	16	1	14	17	7399	2777	1785	23293	13	35317
56	35229	2	38	801481	22.75	15	25	27	12	2	38	1068	732	1055	32360	14	35317
57	35223	2	38	599254	17.01	15	15	16	1	14	17	19690	1083	1261	13153	36	35317
58	35222	2	38	743475	21.11	15	24	26	11	2	38	32259	705	820	1414	24	35317
59	35220	2	38	904063	25.67	16	26	33	17	2	38	33452	482	725	552	9	35317
60	35219	2	38	1031396	29.29	25	33	36	11	9	38	33609	420	715	466	9	35317
61	35217	2	38	1107030	31.43	27	35	38	11	11	38	33642	413	709	442	11	35317
62	35173	2	38	1135763	32.29	29	36	38	9	16	38	33693	379	688	402	11	35317
63	35159	2	38	1142262	32.49	30	36	38	8	18	38	33686	345	708	409	11	35317
64	35157	2	38	1145732	32.59	30	37	38	8	18	38	33711	334	698	403	11	35317
65	35156	2	38	1140951	32.45	30	38	38	8	18	38	33703	383	707	352	11	35317
66	35154	2	38	1138031	32.37	29	37	38	9	16	38	33724	385	698	338	9	35317
67	35152	2	38	999690	28.44	24	32	36	12	6	38	32949	608	1019	566	10	35317
68	35151	2	38	821440	23.37	14	25	32	18	2	38	31365	922	1809	1046	9	35317
69	35151	2	38	691639	19.68	14	15	25	11	2	38	29557	1398	2775	1410	11	35317
70	35151	2	38	649474	18.48	14	14	25	11	2	38	27947	1682	3619	1890	13	35317
71	35151	2	38	617548	17.57	14	14	24	10	2	38	25561	2034	5286	2259	11	35317
72	35149	2	38	612414	17.42	14	14	24	10	2	38	24597	2211	5525	2805	11	35317
73	35147	2	38	596755	16.98	14	14	15	1	13	16	22336	2649	7301	2850	11	35317
74	35145	2	38	596527	16.97	14	14	16	2	11	19	21814	2740	7221	3359	11	35317
75	35141	2	38	598389	17.03	14	14	15	1	13	16	21087	2759	7773	3512	10	35317
76	35138	2	38	586289	16.69	14	14	15	1	13	16	19617	2981	8749	3780	11	35317
77	35136	2	38	587336	16.72	14	14	15	1	13	16	19839	3273	8220	3795	9	35317
78	35132	2	38	581397	16.55	14	14	15	1	13	16	18520	3367	8959	4275	11	35317
79	35131	2	38	582248	16.57	14	14	15	1	13	16	17659	3743	9257	4461	11	35317
80	35130	2	38	576831	16.42	13	14	15	2	10	18	16762	3696	9764	4896	12	35317
81	35130	2	38	578714	16.47	13	14	15	2	10	18	16268	4287	9658	4906	11	35317
82	35129	2	38	571214	16.26	13	14	15	2	10	18	15633	4030	10795	4660	11	35317
83	35128	2	38	569248	16.20	13	14	15	2	10	18	14586	4007	12101	4425	9	35317
84	35127	2	38	567387	16.15	13	14	15	2	10	18	13949	4040	11959	5170	9	35317
85	35124	2	38	566352	16.12	13	14	15	2	10	18	13276	4317	12515	5007	9	35317
86	35124	2	38	562188	16.01	13	14	15	2	10	18	12886	4162	13195	4871	10	35317
87	35123	2	38	562962	16.03	13	14	15	2	10	18	12621	4521	12729	5243	9	35317
88	35123	2	38	561211	15.98	13	14	15	2	10	18	12308	5021	12783	5002	9	35317
89	35122	2	38	560771	15.97	13	14	15	2	10	18	11342	4792	14008	4971	9	35317
90	35121	2	38	561522	15.99	13	14	15	2	10	18	11196	5243	13437	5236	9	35317
91	35121	2	38	561353	15.98	13	14	15	2	10	18	11374	5583	13068	5087	9	35317
92	35120	2	38	558699	15.91	13	14	15	2	10	18	10864	5331	13547	5369	9	35317
93	35117	2	38	560336	15.96	13	14	15	2	10	18	10751	5534	13206	5616	10	35317
94	35115	2	38	556717	15.85	13	14	14	1	12	15	11745	5128	12647	5586	9	35317
95	35113	2	38	559305	15.93	13	14	14	1	12	15	11363	5195	12342	6204	9	35317
96	35113	2	38	560672	15.97	13	14	15	2	10	18	11145	5781	12287	5891	9	35317
97	35112	2	38	558906	15.92	13	14	14	1	12	15	12257	5708	11495	5643	9	35317
98	35111	2	38	560399	15.96	13	14	14	1	12	15	11898	5366	11655	6183	9	35317
99	35111	2	38	558507	15.91	13	14	14	1	12	15	12030	5484	11321	6268	8	35317
100	35111	2	38	559773	15.94	13	14	14	1	12	15	13034	5279	10622	6166	10	35317
101	35111	2	38	559442	15.93	13	14	14	1	12	15	14083	5365	10154	5500	9	35317
102	35111	2	38	558943	15.92	13	14	14	1	12	15	14112	5097	10445	5449	8	35317
103	35111	2	38	559091	15.92	13	14	14	1	12	15	15056	4945	9922	5179	9	35317
104	35110	2	38	559955	15.95	13	14	14	1	12	15	15411	5016	9591	5083	9	35317
105	35107	2	38	560368	15.96	13	14	14	1	12	15	15705	5010	9403	4980	9	35317
106	35105	2	38	557838	15.89	13	14	14	1	12	15	15797	4953	9427	4918	10	35317
107	35105	2	38	558517	15.91	13	14	14	1	12	15	16083	4852	9242	4918	10	35317
108	35105	2	38	557662	15.89	13	14	14	1	12	15	16283	4950	9002	4859	11	35317
109	35105	2	38	556916	15.86	13	14	14	1	12	15	16566	4877	8934	4719	9	35317
110	35105	2	38	558019	15.90	13	14	14	1	12	15	15939	4956	9302	4898	10	35317
111	35105	2	38	556443	15.85	13	14	14	1	12	15	15839	5238	9231	4789	8	35317
112	35105	2	38	556777	15.86	13	14	14	1	12	15	15303	5165	9621	5007	9	35317
113	35105	2	38	554692	15.80	13	14	14	1	12	15	15067	5278	9580	5171	9	35317
114	35105	2	38	556584	15.85	13	14	14	1	12	15	14929	5163	9788	5216	9	35317
115	35105	2	38	555094	15.81	13	14	14	1	12	15	14769	5270	9677	5380	9	35317
116	35105	2	38	555966	15.84	13	14	14	1	12	15	14445	5520	9818	5313	9	35317
117	35105	2	38	554138	15.79	13	14	14	1	12	15	14507	5450	9920	5220	8	35317
118	35105	2	38	554078	15.78	13	14	14	1	12	15	14473	5487	9665	5472	8	35317
119	35105	2	38	555939	15.84	13	14	14	1	12	15	14321	5514	9791	5469	10	35317
120	35105	2	38	554932	15.81	13	14	14	1	12	15	14144	5533	9966	5453	9	35317
121	35105	2	38	554209	15.79	13	14	14	1	12	15	14084	5563	9959	5474	25	35317
122	35105	2	38	555785	15.83	13	14	14	1	12	15	13839	5719	9965	5558	24	35317
123	35105	2	38	555584	15.83	13	14	14	1	12	15	13876	5752	10082	5387	8	35317
124	35105	2	38	552406	15.74	13	14	14	1	12	15	13725	5729	10081	5561	9	35317
125	35105	2	38	553372	15.76	13	14	14	1	12	15	14095	5683	9890	5428	9	35317
126	35105	2	38	547506	15.60	13	14	14	1	12	15	16376	4429	9772	4520	8	35317
