column	count	min	max	sum	mean	Q1	med	Q3	IQR	lW	rW	A_Count	C_Count	G_Count	T_Count	N_Count	Max_count
1	29018727	2	34	944675983	32.55	33	34	34	1	32	34	8874228	6146202	5205142	8704847	88308	29018727
2	29018532	2	34	950338442	32.75	33	34	34	1	32	34	8890995	5484074	5946740	8696670	53	29018727
3	29018504	18	34	953028372	32.84	33	34	34	1	32	34	8708940	5891149	5828477	8589938	0	29018727
4	29018480	15	34	952242387	32.82	33	34	34	1	32	34	8312871	6014473	6075094	8616042	0	29018727
5	29018453	15	34	953791233	32.87	33	34	34	1	32	34	8234341	5972642	6312502	8498968	0	29018727
6	29018440	14	38	1074801236	37.04	38	38	38	0	38	38	8322909	6180461	6296629	8218441	0	29018727
7	29018430	2	38	1068993866	36.84	38	38	38	0	38	38	8288120	6005197	6413456	8311643	14	29018727
8	29018420	14	38	1073664194	37.00	38	38	38	0	38	38	8316424	6193029	6177048	8331919	0	29018727
9	29018412	2	38	1075975203	37.08	38	38	38	0	38	38	8193359	6239826	6088950	8496109	168	29018727
10	29018388	14	38	1076391160	37.09	38	38	38	0	38	38	8312658	6214988	6157118	8333624	0	29018727
11	29018365	2	38	1076358716	37.09	38	38	38	0	38	38	8310927	6216391	6107338	8383619	90	29018727
12	29018329	14	38	1075674215	37.07	38	38	38	0	38	38	8372893	6201577	6075504	8368355	0	29018727
13	29018292	14	38	1076374810	37.09	38	38	38	0	38	38	8391854	6148250	6089157	8389031	0	29018727
14	29018255	2	38	1076056476	37.08	38	38	38	0	38	38	8389776	6129028	6084916	8414534	1	29018727
15	29018208	14	38	1076455497	37.10	38	38	38	0	38	38	8353078	6197137	6083202	8384791	0	29018727
16	29018170	14	38	1075785447	37.07	38	38	38	0	38	38	8361553	6129112	6122776	8404729	0	29018727
17	29018124	14	38	1076421515	37.09	38	38	38	0	38	38	8342973	6164290	6116065	8394796	0	29018727
18	29018086	14	38	1076034394	37.08	38	38	38	0	38	38	8338964	6217615	6108674	8352833	0	29018727
19	29018052	2	38	1076535293	37.10	38	38	38	0	38	38	8343843	6166462	6122786	8384863	98	29018727
20	29017997	2	38	1075904588	37.08	38	38	38	0	38	38	8326101	6190305	6132155	8369423	13	29018727
21	29017932	14	38	1076124575	37.08	38	38	38	0	38	38	8316555	6214532	6113969	8372876	0	29018727
22	29017882	2	38	1075870564	37.08	38	38	38	0	38	38	8324038	6202607	6121036	8370054	147	29018727
23	29017835	2	38	1075904216	37.08	38	38	38	0	38	38	8317490	6201109	6120195	8378344	697	29018727
24	29017778	2	38	1075144967	37.05	38	38	38	0	38	38	8306030	6215624	6137160	8358917	47	29018727
25	29017715	2	38	1075139002	37.05	38	38	38	0	38	38	8314522	6211298	6147225	8344362	308	29018727
26	29017657	2	38	1073584471	37.00	38	38	38	0	38	38	8318594	6188876	6158237	8351179	771	29018727
27	29017590	2	38	1073591119	37.00	38	38	38	0	38	38	8276236	6228999	6162232	8349299	824	29018727
28	29017529	2	38	1072873555	36.97	38	38	38	0	38	38	8286293	6224752	6168869	8336843	772	29018727
29	29017461	2	38	1072559814	36.96	38	38	38	0	38	38	8287583	6215528	6169152	8343999	1199	29018727
30	29017412	2	38	1071831001	36.94	38	38	38	0	38	38	8273076	6233172	6175879	8332942	2343	29018727
31	29017335	2	38	1071829202	36.94	38	38	38	0	38	38	8284469	6220224	6174431	8336301	1910	29018727
32	29017259	2	38	1071322346	36.92	38	38	38	0	38	38	8301252	6215073	6165966	8334151	817	29018727
33	29017181	2	38	1071725705	36.93	38	38	38	0	38	38	8293921	6224234	6166418	8331986	622	29018727
34	29017103	2	38	1070957269	36.91	38	38	38	0	38	38	8301434	6206561	6184280	8322460	2368	29018727
35	29017029	2	38	1071068824	36.91	38	38	38	0	38	38	8307707	6212404	6184277	8311586	1055	29018727
36	29016980	2	38	1070200289	36.88	38	38	38	0	38	38	8297969	6227041	6164316	8323540	4114	29018727
37	29016903	2	38	1069976107	36.87	38	38	38	0	38	38	8308460	6212148	6177048	8316334	2913	29018727
38	29016837	2	38	1069272674	36.85	38	38	38	0	38	38	8299825	6204945	6204778	8304451	2838	29018727
39	29016772	2	38	1068669735	36.83	38	38	38	0	38	38	8275047	6235496	6191668	8311940	2621	29018727
40	29016698	2	38	1067895707	36.80	38	38	38	0	38	38	8284012	6231194	6191163	8307262	3067	29018727
41	29016637	2	38	1067889532	36.80	38	38	38	0	38	38	8292956	6220290	6188888	8312187	2316	29018727
42	29016568	2	38	1067033899	36.77	38	38	38	0	38	38	8275234	6236674	6187232	8315683	1745	29018727
43	29016495	2	38	1066799021	36.77	38	38	38	0	38	38	8288869	6223503	6186028	8314800	3295	29018727
44	29016438	2	38	1065765200	36.73	38	38	38	0	38	38	8291242	6217712	6191677	8313059	2748	29018727
45	29016369	2	38	1066118962	36.74	38	38	38	0	38	38	8275455	6235325	6188966	8312087	4536	29018727
46	29016296	2	38	1065003554	36.70	38	38	38	0	38	38	8286254	6219349	6193783	8311394	5516	29018727
47	29016235	2	38	1065440865	36.72	38	38	38	0	38	38	8283010	6218612	6202844	8308955	2814	29018727
48	29016154	2	38	1063954922	36.67	38	38	38	0	38	38	8268567	6247278	6191022	8301879	7408	29018727
49	29016091	2	38	1064187292	36.68	38	38	38	0	38	38	8283334	6229169	6197015	8300728	5845	29018727
50	29016022	2	38	1063234332	36.64	38	38	38	0	38	38	8283493	6215604	6204238	8305375	7312	29018727
51	29015948	2	38	1063649250	36.66	38	38	38	0	38	38	8270661	6231391	6197827	8305552	10517	29018727
52	29015860	2	38	1062680126	36.62	38	38	38	0	38	38	8279475	6229787	6198905	8304786	2907	29018727
53	29015778	2	38	1060602485	36.55	38	38	38	0	38	38	8272639	6209767	6189434	8290672	53266	29018727
54	29015700	2	38	1060889887	36.56	38	38	38	0	38	38	8268720	6227217	6190139	8308132	21492	29018727
55	29015620	2	38	1060895998	36.56	38	38	38	0	38	38	8280639	6221057	6199678	8299728	14518	29018727
56	29015526	2	38	1060114433	36.54	38	38	38	0	38	38	8281993	6214787	6203299	8302343	13104	29018727
57	29015430	2	38	1060329204	36.54	38	38	38	0	38	38	8262540	6236024	6199317	8300323	17226	29018727
58	29015335	2	38	1059674544	36.52	38	38	38	0	38	38	8272298	6225888	6205460	8296196	15493	29018727
59	29015255	2	38	1059865476	36.53	38	38	38	0	38	38	8275480	6225901	6205861	8291140	16873	29018727
60	29015164	2	38	1059291736	36.51	38	38	38	0	38	38	8263136	6244696	6198405	8298512	10415	29018727
61	29015064	2	38	1059066182	36.50	38	38	38	0	38	38	8262691	6225217	6201067	8307745	18344	29018727
62	29014963	2	38	1055205076	36.37	38	38	38	0	38	38	8242417	6202391	6182093	8286068	101994	29018727
63	29014861	2	38	1057374956	36.44	38	38	38	0	38	38	8257643	6238189	6187199	8307435	24395	29018727
64	29014769	2	38	1056621627	36.42	38	38	38	0	38	38	8276053	6232577	6192752	8298860	14527	29018727
65	29014660	2	38	1057229856	36.44	38	38	38	0	38	38	8279663	6213604	6202598	8299120	19675	29018727
66	29014557	2	38	1056131164	36.40	38	38	38	0	38	38	8264948	6226403	6204598	8298293	20315	29018727
67	29014457	2	38	1056745205	36.42	38	38	38	0	38	38	8269326	6220656	6208570	8300869	15036	29018727
68	29014332	2	38	1055868595	36.39	38	38	38	0	38	38	8267891	6222632	6211377	8297251	15181	29018727
69	29014215	2	38	1056135346	36.40	38	38	38	0	38	38	8255039	6238955	6201393	8307973	10855	29018727
70	29014071	2	38	1055244130	36.37	38	38	38	0	38	38	8273178	6227443	6214316	8296986	2148	29018727
71	29013946	2	38	1055830910	36.39	38	38	38	0	38	38	8275635	6225368	6205261	8307239	443	29018727
72	29013816	2	38	1055502717	36.38	38	38	38	0	38	38	8254181	6251224	6201267	8306864	280	29018727
73	29013684	2	38	1055461528	36.38	38	38	38	0	38	38	8275673	6231868	6202321	8303740	82	29018727
74	29013571	2	38	1054795812	36.36	38	38	38	0	38	38	8271652	6221096	6207940	8312249	634	29018727
75	29013425	2	38	1054299070	36.34	38	38	38	0	38	38	8264090	6241607	6194932	8311682	1114	29018727
76	29013264	2	38	1053677130	36.32	38	38	38	0	38	38	8280492	6228898	6201284	8301505	1085	29018727
77	29013116	2	38	1053224207	36.30	38	38	38	0	38	38	8275504	6217695	6212834	8306473	610	29018727
78	29012935	2	38	1052725721	36.28	38	38	38	0	38	38	8270514	6233079	6202774	8305856	712	29018727
79	29012767	2	38	1052212770	36.27	38	38	38	0	38	38	8263582	6228738	6215314	8303855	1278	29018727
80	29012581	2	38	1051852195	36.26	38	38	38	0	38	38	8268500	6239749	6202222	8300816	1294	29018727
81	29012398	2	38	1051517971	36.24	38	38	38	0	38	38	8264479	6240781	6199085	8306386	1667	29018727
82	29012180	2	38	1050447602	36.21	38	38	38	0	38	38	8269435	6228706	6209161	8302973	1905	29018727
83	29011967	2	38	1049972197	36.19	38	38	38	0	38	38	8269151	6228490	6207029	8305630	1667	29018727
84	29011768	2	38	1049381841	36.17	38	38	38	0	38	38	8258813	6238424	6193765	8318150	2616	29018727
85	29011516	2	38	1048681148	36.15	37	38	38	1	36	38	8274512	6229491	6196816	8309284	1413	29018727
86	29011275	2	38	1047605231	36.11	37	38	38	1	36	38	8278874	6215551	6207220	8307234	2396	29018727
87	29011037	2	38	1047145731	36.09	37	38	38	1	36	38	8266782	6229237	6207836	8305158	2024	29018727
88	29010764	2	38	1046320596	36.07	37	38	38	1	36	38	8273591	6224550	6204688	8305846	2089	29018727
89	29010482	2	38	1045866133	36.05	37	38	38	1	36	38	8274650	6220550	6209461	8302250	3571	29018727
90	29010146	2	38	1044779572	36.01	37	38	38	1	36	38	8254641	6234408	6212697	8306009	2391	29018727
91	29009848	2	38	1044150128	35.99	37	38	38	1	36	38	8266694	6222184	6212417	8306511	2042	29018727
92	29009521	2	38	1043274850	35.96	37	38	38	1	36	38	8259400	6224383	6208702	8314500	2536	29018727
93	29009146	2	38	1042882731	35.95	37	38	38	1	36	38	8261659	6232430	6199250	8313592	2215	29018727
94	29008779	2	38	1042135146	35.92	37	38	38	1	36	38	8268755	6221716	6201534	8314387	2387	29018727
95	29008404	2	38	1041538378	35.90	37	38	38	1	36	38	8270032	6220909	6202681	8310558	4224	29018727
96	29008093	2	38	1040877294	35.88	37	38	38	1	36	38	8261792	6227762	6199560	8316692	2287	29018727
97	29008065	2	38	1040182770	35.86	37	38	38	1	36	38	8277208	6219392	6200394	8308273	2798	29018727
98	29008043	2	38	1039015654	35.82	37	38	38	1	36	38	8278674	6211824	6203559	8312006	1980	29018727
99	29008014	2	38	1038701581	35.81	37	38	38	1	36	38	8252648	6231968	6206936	8315383	1079	29018727
100	29007993	2	38	1037688032	35.77	37	38	38	1	36	38	8264630	6228315	6209201	8305005	842	29018727
101	29007970	2	38	1036680963	35.74	37	38	38	1	36	38	8270252	6218523	6211888	8306303	1004	29018727
102	29007943	2	38	1035662527	35.70	37	38	38	1	36	38	8259404	6229927	6205949	8312145	518	29018727
103	29007927	2	38	1035477731	35.70	37	38	38	1	36	38	8265045	6224321	6208225	8309989	347	29018727
104	29007906	2	38	1034411847	35.66	37	38	38	1	36	38	8273858	6212794	6204808	8315389	1057	29018727
105	29007888	2	38	1034355110	35.66	37	38	38	1	36	38	8265485	6230699	6194229	8316676	799	29018727
106	29007875	2	38	1033514350	35.63	37	38	38	1	36	38	8273616	6215449	6198505	8319592	713	29018727
107	29007856	2	38	1032483297	35.59	37	38	38	1	36	38	8273509	6215647	6207350	8310035	1315	29018727
108	29007830	2	38	1031853360	35.57	37	38	38	1	36	38	8257564	6233256	6196990	8318928	1092	29018727
109	29007820	2	38	1031489623	35.56	36	38	38	2	33	38	8271834	6211464	6201874	8322111	537	29018727
110	29007807	2	38	1029922025	35.50	36	38	38	2	33	38	8271699	6210477	6207302	8317461	868	29018727
111	29007807	2	38	1028728057	35.46	36	38	38	2	33	38	8255896	6234520	6200965	8315673	753	29018727
112	29007807	2	38	1027096596	35.41	36	38	38	2	33	38	8262812	6228201	6200870	8315792	132	29018727
113	29007807	2	38	1025918459	35.37	36	38	38	2	33	38	8270391	6218917	6205236	8311031	2232	29018727
114	29007807	2	38	1024926633	35.33	36	38	38	2	33	38	8256251	6225484	6198245	8325844	1983	29018727
115	29007807	2	38	1024339938	35.31	36	38	38	2	33	38	8270985	6218376	6198384	8319100	962	29018727
116	29007807	2	38	1022888900	35.26	36	38	38	2	33	38	8270647	6215702	6197332	8323074	1052	29018727
117	29007807	2	38	1022673207	35.26	36	38	38	2	33	38	8258696	6227952	6193550	8326139	1470	29018727
118	29007807	2	38	1021465123	35.21	36	38	38	2	33	38	8269918	6214738	6201680	8320824	647	29018727
119	29007807	2	38	1020332160	35.17	36	38	38	2	33	38	8265760	6209976	6210095	8321142	834	29018727
120	29007807	2	38	1018962807	35.13	36	38	38	2	33	38	8257554	6233679	6193046	8322850	678	29018727
121	29007807	2	38	1017448334	35.07	36	38	38	2	33	38	8274023	6218898	6196627	8316928	1331	29018727
122	29007807	2	38	1015855402	35.02	35	38	38	3	31	38	8273050	6212282	6204590	8316539	1346	29018727
123	29007807	2	38	1015575102	35.01	35	38	38	3	31	38	8257297	6229775	6198202	8321932	601	29018727
124	29007807	2	38	1014646708	34.98	35	38	38	3	31	38	8264586	6216350	6197758	8328598	515	29018727
125	29007807	2	38	1013105590	34.93	35	38	38	3	31	38	8271334	6206250	6203119	8326625	479	29018727
126	29007807	2	38	926139492	31.93	29	36	38	9	16	38	8218692	6206874	6200341	8381487	413	29018727
