column	count	min	max	sum	mean	Q1	med	Q3	IQR	lW	rW	A_Count	C_Count	G_Count	T_Count	N_Count	Max_count
1	29797	2	34	926078	31.08	32	33	34	2	29	34	8309	7101	7903	6402	82	29797
2	29797	18	34	936740	31.44	32	33	34	2	29	34	8824	6692	7919	6362	0	29797
3	29797	18	34	946570	31.77	32	33	34	2	29	34	8455	7352	7746	6244	0	29797
4	29786	15	34	953737	32.02	32	33	34	2	29	34	9430	6976	6893	6487	0	29797
5	29780	15	34	963084	32.34	33	33	34	1	32	34	10055	5888	6915	6922	0	29797
6	29780	14	38	1082418	36.35	37	38	38	1	36	38	9885	5940	6952	7003	0	29797
7	29780	14	38	1074334	36.08	37	38	38	1	36	38	9637	6209	7092	6842	0	29797
8	29780	14	38	1080801	36.29	37	38	38	1	36	38	9988	6557	6259	6976	0	29797
9	29780	14	38	1084834	36.43	38	38	38	0	38	38	9777	6395	6569	7039	0	29797
10	29780	14	38	1088165	36.54	38	38	38	0	38	38	10000	6420	6625	6735	0	29797
11	29780	14	38	1088333	36.55	38	38	38	0	38	38	9672	6407	6686	7015	0	29797
12	29780	14	38	1087542	36.52	38	38	38	0	38	38	9791	6601	6440	6948	0	29797
13	29780	14	38	1088428	36.55	38	38	38	0	38	38	9936	6237	6629	6978	0	29797
14	29780	14	38	1090133	36.61	38	38	38	0	38	38	9978	5978	6721	7103	0	29797
15	29779	14	38	1090869	36.63	38	38	38	0	38	38	10076	6126	6611	6966	0	29797
16	29779	14	38	1089615	36.59	38	38	38	0	38	38	10132	6204	6641	6802	0	29797
17	29779	14	38	1090198	36.61	38	38	38	0	38	38	10067	6460	6420	6832	0	29797
18	29779	14	38	1091433	36.65	38	38	38	0	38	38	9741	6278	6815	6945	0	29797
19	29779	14	38	1091658	36.66	38	38	38	0	38	38	9743	6366	6788	6882	0	29797
20	29779	14	38	1091104	36.64	38	38	38	0	38	38	9858	6570	6565	6786	0	29797
21	29779	14	38	1092832	36.70	38	38	38	0	38	38	9675	6508	6417	7179	0	29797
22	29779	14	38	1093080	36.71	38	38	38	0	38	38	9773	6578	6478	6950	0	29797
23	29779	14	38	1092996	36.70	38	38	38	0	38	38	9809	6500	6357	7113	0	29797
24	29779	14	38	1092226	36.68	38	38	38	0	38	38	10046	6541	6333	6859	0	29797
25	29779	14	38	1092534	36.69	38	38	38	0	38	38	9985	6523	6530	6741	0	29797
26	29779	14	38	1090630	36.62	38	38	38	0	38	38	10070	6294	6627	6788	0	29797
27	29779	14	38	1090746	36.63	38	38	38	0	38	38	9733	6460	6713	6873	0	29797
28	29778	14	38	1089437	36.59	38	38	38	0	38	38	9799	6410	6566	7003	0	29797
29	29778	14	38	1088347	36.55	38	38	38	0	38	38	9766	6524	6520	6968	0	29797
30	29777	14	38	1087772	36.53	38	38	38	0	38	38	9815	6526	6547	6889	0	29797
31	29777	14	38	1088486	36.55	38	38	38	0	38	38	9781	6602	6475	6919	0	29797
32	29777	14	38	1087439	36.52	38	38	38	0	38	38	10010	6333	6403	7031	0	29797
33	29777	14	38	1087542	36.52	38	38	38	0	38	38	9811	6485	6308	7173	0	29797
34	29776	14	38	1086747	36.50	38	38	38	0	38	38	9767	6693	6583	6733	0	29797
35	29776	14	38	1087027	36.51	38	38	38	0	38	38	9916	6957	6358	6545	0	29797
36	29776	2	38	1085195	36.45	38	38	38	0	38	38	9778	6518	6529	6950	1	29797
37	29776	14	38	1085024	36.44	38	38	38	0	38	38	10145	6310	6464	6857	0	29797
38	29776	14	38	1084397	36.42	38	38	38	0	38	38	9974	6154	6710	6938	0	29797
39	29776	14	38	1082309	36.35	38	38	38	0	38	38	9768	6558	6652	6798	0	29797
40	29776	14	38	1080518	36.29	38	38	38	0	38	38	9632	6931	6403	6810	0	29797
41	29775	14	38	1082708	36.36	38	38	38	0	38	38	9805	6434	6504	7032	0	29797
42	29775	14	38	1081314	36.32	38	38	38	0	38	38	9940	6285	6621	6929	0	29797
43	29774	14	38	1080612	36.29	38	38	38	0	38	38	9726	6436	6658	6954	0	29797
44	29773	14	38	1077341	36.19	37	38	38	1	36	38	9827	6749	6490	6707	0	29797
45	29773	14	38	1079796	36.27	38	38	38	0	38	38	9928	6590	6383	6872	0	29797
46	29771	2	38	1078460	36.23	38	38	38	0	38	38	10056	6247	6546	6920	2	29797
47	29771	14	38	1077745	36.20	37	38	38	1	36	38	10008	6486	6586	6691	0	29797
48	29771	2	38	1075529	36.13	37	38	38	1	36	38	9810	6737	6541	6681	2	29797
49	29770	14	38	1074078	36.08	37	38	38	1	36	38	9827	6435	6643	6865	0	29797
50	29770	2	38	1072554	36.03	37	38	38	1	36	38	9837	6535	6537	6860	1	29797
51	29769	2	38	1073632	36.07	37	38	38	1	36	38	9756	6520	6318	7172	3	29797
52	29769	14	38	1070425	35.96	37	38	38	1	36	38	9650	6744	6181	7194	0	29797
53	29767	2	38	1067410	35.86	37	38	38	1	36	38	9834	6496	6417	6982	38	29797
54	29765	2	38	1068338	35.89	37	38	38	1	36	38	9857	6166	6622	7110	10	29797
55	29764	2	38	1068766	35.91	37	38	38	1	36	38	10061	6227	6553	6917	6	29797
56	29764	2	38	1066312	35.83	37	38	38	1	36	38	10038	6455	6483	6785	3	29797
57	29762	2	38	1065103	35.79	37	38	38	1	36	38	10071	6556	6339	6792	4	29797
58	29761	2	38	1062658	35.71	37	38	38	1	36	38	9757	6500	6743	6755	6	29797
59	29759	2	38	1063186	35.73	37	38	38	1	36	38	9838	6455	6727	6734	5	29797
60	29758	2	38	1062286	35.70	37	38	38	1	36	38	9992	6461	6332	6971	2	29797
61	29755	2	38	1061234	35.67	37	38	38	1	36	38	9788	6546	6502	6907	12	29797
62	29751	2	38	1056329	35.51	37	38	38	1	36	38	9832	6424	6549	6870	76	29797
63	29751	2	38	1057805	35.56	37	38	38	1	36	38	9773	6493	6311	7164	10	29797
64	29748	2	38	1056909	35.53	37	38	38	1	36	38	10166	6275	6327	6973	7	29797
65	29748	2	38	1055190	35.47	37	38	38	1	36	38	10104	6295	6528	6816	5	29797
66	29744	2	38	1053583	35.42	36	38	38	2	33	38	10097	6239	6629	6770	9	29797
67	29739	2	38	1054759	35.47	36	38	38	2	33	38	10039	6309	6650	6736	5	29797
68	29735	2	38	1054971	35.48	36	38	38	2	33	38	9781	6287	6759	6903	5	29797
69	29730	2	38	1053934	35.45	36	38	38	2	33	38	10073	6227	6438	6991	1	29797
70	29725	2	38	1050449	35.34	36	38	38	2	33	38	9980	6440	6436	6867	2	29797
71	29721	13	38	1050524	35.35	36	38	38	2	33	38	9866	6855	6328	6672	0	29797
72	29714	13	38	1050493	35.35	36	38	38	2	33	38	9698	6640	6297	7079	0	29797
73	29711	13	38	1050982	35.37	36	38	38	2	33	38	9836	6137	6434	7304	0	29797
74	29708	2	38	1046486	35.23	36	38	38	2	33	38	9976	6233	6650	6848	1	29797
75	29705	13	38	1044129	35.15	36	38	38	2	33	38	9994	6661	6353	6697	0	29797
76	29698	13	38	1040892	35.05	36	38	38	2	33	38	10059	6450	6245	6944	0	29797
77	29695	13	38	1040124	35.03	36	38	38	2	33	38	10257	6087	6476	6875	0	29797
78	29692	13	38	1039247	35.00	36	38	38	2	33	38	10231	6097	6601	6763	0	29797
79	29688	13	38	1035177	34.87	36	38	38	2	33	38	9962	6411	6585	6730	0	29797
80	29681	13	38	1029257	34.68	35	38	38	3	31	38	9966	6705	6294	6716	0	29797
81	29676	13	38	1032495	34.79	35	38	38	3	31	38	9787	6498	6307	7084	0	29797
82	29666	2	38	1031651	34.78	35	38	38	3	31	38	9940	6359	6389	6977	1	29797
83	29649	2	38	1027427	34.65	35	38	38	3	31	38	9800	6393	6543	6912	1	29797
84	29638	2	38	1025704	34.61	35	38	38	3	31	38	9792	6612	6376	6856	2	29797
85	29628	2	38	1022292	34.50	35	38	38	3	31	38	10075	6389	6078	7085	1	29797
86	29618	2	38	1024563	34.59	35	38	38	3	31	38	9998	6232	6452	6933	3	29797
87	29607	2	38	1024022	34.59	35	38	38	3	31	38	10078	6228	6265	7035	1	29797
88	29594	2	38	1019797	34.46	35	38	38	3	31	38	9942	6317	6349	6985	1	29797
89	29578	2	38	1016738	34.37	35	38	38	3	31	38	10145	6234	6235	6961	3	29797
90	29545	2	38	1013788	34.31	34	38	38	4	28	38	9938	6305	6445	6856	1	29797
91	29523	2	38	1014280	34.36	35	38	38	3	31	38	9986	6199	6376	6961	1	29797
92	29480	2	38	1012669	34.35	35	38	38	3	31	38	9928	6472	6260	6819	1	29797
93	29443	2	38	1007127	34.21	34	38	38	4	28	38	9896	6314	6152	7080	1	29797
94	29396	2	38	1004849	34.18	34	38	38	4	28	38	9946	6231	6225	6993	1	29797
95	29292	2	38	1000119	34.14	34	38	38	4	28	38	9885	6052	6570	6782	3	29797
96	29141	13	38	994988	34.14	34	38	38	4	28	38	10077	6289	6057	6718	0	29797
97	28751	2	38	980010	34.09	34	38	38	4	28	38	10095	6086	5917	6652	1	29797
98	28376	13	38	964146	33.98	34	38	38	4	28	38	9893	5968	5867	6648	0	29797
99	27980	13	38	949627	33.94	34	38	38	4	28	38	9641	5823	6071	6445	0	29797
100	27542	13	38	932473	33.86	34	38	38	4	28	38	9515	5877	5888	6262	0	29797
101	27043	13	38	914692	33.82	34	38	38	4	28	38	9478	5455	5674	6436	0	29797
102	26589	13	38	897212	33.74	34	38	38	4	28	38	9423	5342	5680	6144	0	29797
103	26061	13	38	876691	33.64	34	38	38	4	28	38	9104	5367	5451	6139	0	29797
104	25525	13	38	859082	33.66	34	38	38	4	28	38	9006	5301	5464	5754	0	29797
105	24992	13	38	840254	33.62	34	38	38	4	28	38	9025	5310	5022	5635	0	29797
106	24429	13	38	819030	33.53	34	38	38	4	28	38	8812	5111	4880	5626	0	29797
107	23782	13	38	793385	33.36	33	38	38	5	26	38	8659	4983	4904	5236	0	29797
108	23139	13	38	773601	33.43	34	38	38	4	28	38	8286	4717	4864	5272	0	29797
109	22479	13	38	751361	33.43	33	38	38	5	26	38	8232	4542	4568	5137	0	29797
110	21636	13	38	721582	33.35	33	38	38	5	26	38	8067	4261	4399	4909	0	29797
111	20739	13	38	688686	33.21	33	38	38	5	26	38	7616	4255	4224	4644	0	29797
112	19695	13	38	655256	33.27	33	38	38	5	26	38	7324	4169	3674	4528	0	29797
113	18319	13	38	610869	33.35	33	38	38	5	26	38	6558	3686	3666	4409	0	29797
114	16801	13	38	560087	33.34	33	38	38	5	26	38	5922	3381	3519	3979	0	29797
115	14558	13	38	485372	33.34	33	38	38	5	26	38	4964	3094	3020	3480	0	29797
116	11680	13	38	388393	33.25	33	38	38	5	26	38	3909	2440	2317	3014	0	29797
117	8489	13	38	284265	33.49	34	38	38	4	28	38	2778	1706	1709	2296	0	29797
118	4620	13	38	154867	33.52	34	38	38	4	28	38	1513	827	995	1285	0	29797
119	390	13	38	12434	31.88	29	37	38	9	16	38	104	108	81	97	0	29797
120	390	13	38	12556	32.19	29	36	38	9	16	38	109	105	82	94	0	29797
121	390	13	38	12648	32.43	31	37	38	7	21	38	111	107	76	96	0	29797
122	390	13	38	12517	32.09	31	36	38	7	21	38	107	95	95	93	0	29797
123	390	13	38	12506	32.07	29	37	38	9	16	38	89	94	99	108	0	29797
124	390	13	38	12425	31.86	28	37	38	10	13	38	104	104	76	106	0	29797
125	390	13	38	12329	31.61	28	36	38	10	13	38	114	94	74	108	0	29797
126	390	13	38	11306	28.99	21	34	38	17	13	38	108	84	89	109	0	29797
