column	count	min	max	sum	mean	Q1	med	Q3	IQR	lW	rW	A_Count	C_Count	G_Count	T_Count	N_Count	Max_count
1	30524659	2	34	981455659	32.15	33	33	34	1	32	34	9197596	6627181	5515207	9183380	1295	30524659
2	30524649	2	34	986484431	32.32	33	33	34	1	32	34	9637266	5734080	6291598	8859498	2207	30524659
3	30524643	2	34	988645937	32.39	33	33	34	1	32	34	9345518	6107288	6312134	8755585	4118	30524659
4	30524631	2	34	985622107	32.29	33	33	34	1	32	34	8756240	6432162	6456955	8875163	4111	30524659
5	30524604	2	34	986779729	32.33	33	33	34	1	32	34	8793878	6203348	6555312	8968903	3163	30524659
6	30524597	2	38	1108627930	36.32	38	38	38	0	38	38	8764242	6519242	6598296	8640143	2674	30524659
7	30524589	2	38	1108962769	36.33	38	38	38	0	38	38	8646007	6272909	6762452	8840682	2539	30524659
8	30524582	2	38	1108871569	36.33	38	38	38	0	38	38	8811035	6387752	6525872	8797181	2742	30524659
9	30524576	2	38	1109203413	36.34	38	38	38	0	38	38	8648751	6483129	6402765	8987934	1997	30524659
10	30524572	2	38	1109327736	36.34	38	38	38	0	38	38	8743587	6499457	6468294	8810937	2297	30524659
11	30524562	2	38	1109521840	36.35	38	38	38	0	38	38	8751606	6494733	6417314	8858789	2120	30524659
12	30524552	2	38	1109699816	36.35	38	38	38	0	38	38	8824317	6473684	6384592	8839432	2527	30524659
13	30524532	2	38	1110215653	36.37	38	38	38	0	38	38	8837527	6415391	6399165	8870194	2255	30524659
14	30524508	2	38	1110470668	36.38	38	38	38	0	38	38	8865972	6378961	6384201	8892901	2473	30524659
15	30524476	2	38	1110575231	36.38	38	38	38	0	38	38	8821248	6453360	6367424	8880083	2361	30524659
16	30524457	2	38	1110637933	36.39	38	38	38	0	38	38	8786540	6407462	6425870	8902125	2460	30524659
17	30524424	2	38	1110692741	36.39	38	38	38	0	38	38	8815717	6412544	6412269	8881551	2343	30524659
18	30524395	2	38	1110217265	36.37	38	38	38	0	38	38	8780330	6472698	6401357	8868001	2009	30524659
19	30524359	2	38	1110512567	36.38	38	38	38	0	38	38	8792226	6435865	6425989	8868441	1838	30524659
20	30524323	2	38	1110371961	36.38	38	38	38	0	38	38	8790297	6450148	6435929	8845704	2245	30524659
21	30524280	2	38	1110442009	36.38	38	38	38	0	38	38	8772566	6483051	6424709	8841061	2893	30524659
22	30524235	2	38	1110313953	36.37	38	38	38	0	38	38	8771546	6475066	6412116	8863047	2460	30524659
23	30524193	2	38	1110670014	36.39	38	38	38	0	38	38	8777468	6458145	6424289	8862186	2105	30524659
24	30524150	2	38	1110412832	36.38	38	38	38	0	38	38	8758808	6484649	6438465	8839319	2909	30524659
25	30524111	2	38	1110451550	36.38	38	38	38	0	38	38	8769594	6479754	6453964	8818175	2624	30524659
26	30524076	2	38	1110301044	36.37	38	38	38	0	38	38	8780572	6457126	6462017	8821547	2814	30524659
27	30524025	2	38	1110503138	36.38	38	38	38	0	38	38	8743971	6487911	6471758	8817810	2575	30524659
28	30523980	2	38	1110191664	36.37	38	38	38	0	38	38	8745642	6497939	6474313	8802783	3303	30524659
29	30523921	2	38	1110360318	36.38	38	38	38	0	38	38	8756361	6485950	6470780	8808479	2351	30524659
30	30523860	2	38	1110667404	36.39	38	38	38	0	38	38	8739851	6502027	6481913	8797315	2754	30524659
31	30523820	2	38	1110477017	36.38	38	38	38	0	38	38	8751139	6501876	6475106	8792432	3267	30524659
32	30523766	2	38	1110323645	36.38	38	38	38	0	38	38	8773753	6488197	6463212	8795955	2649	30524659
33	30523719	2	38	1110304890	36.38	38	38	38	0	38	38	8750657	6495263	6467369	8807285	3145	30524659
34	30523661	2	38	1110167302	36.37	38	38	38	0	38	38	8761925	6491186	6484911	8782365	3274	30524659
35	30523605	2	38	1110281346	36.37	38	38	38	0	38	38	8777100	6485588	6487521	8770600	2796	30524659
36	30523538	2	38	1109872383	36.36	38	38	38	0	38	38	8764867	6504034	6471454	8779823	3360	30524659
37	30523482	2	38	1109944600	36.36	38	38	38	0	38	38	8770288	6493428	6489397	8767408	2961	30524659
38	30523426	2	38	1109737254	36.36	38	38	38	0	38	38	8772904	6481192	6511335	8755485	2510	30524659
39	30523362	2	38	1109465798	36.35	38	38	38	0	38	38	8747764	6508371	6500495	8763738	2994	30524659
40	30523282	2	38	1109369098	36.35	38	38	38	0	38	38	8743940	6512401	6503235	8760239	3467	30524659
41	30523218	2	38	1109071511	36.34	38	38	38	0	38	38	8760267	6496230	6502625	8759920	4176	30524659
42	30523165	2	38	1109038545	36.33	38	38	38	0	38	38	8750075	6516297	6492146	8762150	2497	30524659
43	30523077	2	38	1107382859	36.28	38	38	38	0	38	38	8758538	6505995	6490326	8767457	761	30524659
44	30523013	2	38	1108220548	36.31	38	38	38	0	38	38	8763753	6494739	6493756	8768722	2043	30524659
45	30522933	2	38	1108435952	36.31	38	38	38	0	38	38	8747264	6510287	6495677	8766005	3700	30524659
46	30522856	2	38	1108266102	36.31	38	38	38	0	38	38	8755885	6505042	6494616	8764433	2880	30524659
47	30522787	2	38	1107813783	36.29	38	38	38	0	38	38	8755696	6495933	6509833	8756804	4521	30524659
48	30522703	2	38	1107534592	36.29	38	38	38	0	38	38	8741317	6524586	6499532	8754448	2820	30524659
49	30522605	2	38	1107741383	36.29	38	38	38	0	38	38	8751789	6516343	6505831	8745324	3318	30524659
50	30522516	2	38	1085908553	35.58	37	38	38	1	36	38	8759737	6496176	6514793	8745647	6163	30524659
51	30522447	14	38	1098271491	35.98	37	38	38	1	36	38	8742204	6515590	6507221	8757432	0	30524659
52	30522351	14	38	1102597697	36.12	38	38	38	0	38	38	8750960	6519281	6503371	8748739	0	30524659
53	30522258	2	38	1101650896	36.09	38	38	38	0	38	38	8737992	6473602	6487814	8722827	100023	30524659
54	30522150	2	38	1102988976	36.14	38	38	38	0	38	38	8730159	6503901	6488756	8742427	56907	30524659
55	30522023	2	38	1102824761	36.13	38	38	38	0	38	38	8740745	6495479	6495253	8732359	58187	30524659
56	30521926	2	38	1103430603	36.15	38	38	38	0	38	38	8747331	6484682	6500135	8729165	60613	30524659
57	30521805	2	38	1100646896	36.06	38	38	38	0	38	38	8711894	6497394	6482887	8714089	115541	30524659
58	30521689	2	38	1101558246	36.09	38	38	38	0	38	38	8722613	6494692	6498939	8713096	92349	30524659
59	30521584	2	38	1102490820	36.12	38	38	38	0	38	38	8748043	6496933	6511531	8729578	35499	30524659
60	30521465	2	38	1102827780	36.13	38	38	38	0	38	38	8733211	6516735	6502778	8732649	36092	30524659
61	30521330	2	38	1101524232	36.09	38	38	38	0	38	38	8735254	6510256	6498232	8738806	38782	30524659
62	30521196	2	38	1102551829	36.12	38	38	38	0	38	38	8736889	6499277	6505764	8738201	41065	30524659
63	30521073	2	38	1101630008	36.09	38	38	38	0	38	38	8733016	6512384	6492755	8741554	41364	30524659
64	30520932	2	38	1101523729	36.09	38	38	38	0	38	38	8741709	6508296	6499177	8727372	44378	30524659
65	30520781	2	38	1100568959	36.06	38	38	38	0	38	38	8753859	6489361	6506085	8729794	41682	30524659
66	30520639	2	38	1100761347	36.07	38	38	38	0	38	38	8736605	6511424	6503346	8729082	40182	30524659
67	30520499	2	38	1099936098	36.04	38	38	38	0	38	38	8742480	6503329	6508444	8726222	40024	30524659
68	30520329	2	38	1100004143	36.04	38	38	38	0	38	38	8738773	6498089	6511507	8730760	41200	30524659
69	30520178	2	38	1098925932	36.01	38	38	38	0	38	38	8729716	6515913	6504879	8728407	41263	30524659
70	30520014	2	38	1099176681	36.01	38	38	38	0	38	38	8731894	6510209	6509254	8723589	45068	30524659
71	30519852	2	38	1098269849	35.99	38	38	38	0	38	38	8743744	6498558	6506230	8727775	43545	30524659
72	30519668	2	38	1098637999	36.00	38	38	38	0	38	38	8721950	6521702	6501134	8730475	44407	30524659
73	30519506	2	38	1097265701	35.95	38	38	38	0	38	38	8737514	6508105	6500400	8728048	45439	30524659
74	30519353	2	38	1097273351	35.95	38	38	38	0	38	38	8744074	6491687	6508017	8732332	43243	30524659
75	30519158	2	38	1096569663	35.93	38	38	38	0	38	38	8732920	6508019	6497576	8736362	44281	30524659
76	30518958	2	38	1096656567	35.93	38	38	38	0	38	38	8738461	6501176	6503816	8732244	43261	30524659
77	30518752	2	38	1095458447	35.89	38	38	38	0	38	38	8753357	6485411	6510959	8726083	42942	30524659
78	30518553	2	38	1095453006	35.89	38	38	38	0	38	38	8739341	6500872	6504463	8729480	44397	30524659
79	30518327	2	38	1094310965	35.86	37	38	38	1	36	38	8732969	6500359	6511623	8729654	43722	30524659
80	30518076	2	38	1094253175	35.86	37	38	38	1	36	38	8736561	6506580	6510824	8718302	45809	30524659
81	30517834	2	38	1093661726	35.84	37	38	38	1	36	38	8724845	6524280	6492432	8732932	43345	30524659
82	30517585	2	38	1093646828	35.84	37	38	38	1	36	38	8741427	6506651	6505384	8723883	40240	30524659
83	30517351	2	38	1092758728	35.81	37	38	38	1	36	38	8739923	6500232	6505781	8731207	40208	30524659
84	30517065	2	38	1093050362	35.82	37	38	38	1	36	38	8728510	6514535	6494947	8740285	38788	30524659
85	30516809	2	38	1091672060	35.77	37	38	38	1	36	38	8738106	6510563	6497339	8731930	38871	30524659
86	30516577	2	38	1091771043	35.78	37	38	38	1	36	38	8752434	6491482	6504492	8731849	36320	30524659
87	30516274	2	38	1090537092	35.74	37	38	38	1	36	38	8739731	6507994	6507172	8725763	35614	30524659
88	30515979	2	38	1090569984	35.74	37	38	38	1	36	38	8733836	6508605	6503335	8733388	36815	30524659
89	30515673	2	38	1089110160	35.69	37	38	38	1	36	38	8742843	6498146	6508822	8728952	36910	30524659
90	30515372	2	38	1089445596	35.70	37	38	38	1	36	38	8730770	6510466	6506594	8730368	37174	30524659
91	30515053	2	38	1088088379	35.66	37	38	38	1	36	38	8727733	6506847	6514939	8727041	38493	30524659
92	30514778	2	38	1088039410	35.66	37	38	38	1	36	38	8736399	6498991	6506369	8736669	36350	30524659
93	30514493	2	38	1087081814	35.63	37	38	38	1	36	38	8726271	6517471	6499198	8736321	35232	30524659
94	30514218	2	38	1087447008	35.64	37	38	38	1	36	38	8733543	6505683	6502701	8737424	34867	30524659
95	30513940	2	38	1085968400	35.59	37	38	38	1	36	38	8739667	6498656	6505634	8734705	35278	30524659
96	30513682	2	38	1086021106	35.59	37	38	38	1	36	38	8732641	6508862	6497990	8739930	34259	30524659
97	30513670	2	38	1083707808	35.52	37	38	38	1	36	38	8741383	6504950	6502448	8727862	37027	30524659
98	30513661	2	38	1083753220	35.52	37	38	38	1	36	38	8752140	6495096	6500841	8730318	35266	30524659
99	30513658	2	38	1081838354	35.45	37	38	38	1	36	38	8730703	6511747	6501380	8735100	34728	30524659
100	30513653	2	38	1082332578	35.47	37	38	38	1	36	38	8731340	6511396	6507169	8729808	33940	30524659
101	30513645	2	38	1081155000	35.43	37	38	38	1	36	38	8739612	6496596	6512112	8730056	35269	30524659
102	30513636	2	38	1081699714	35.45	37	38	38	1	36	38	8729256	6510855	6505407	8733910	34208	30524659
103	30513634	2	38	1079869575	35.39	37	38	38	1	36	38	8732955	6507353	6505708	8732293	35325	30524659
104	30513628	2	38	1080154033	35.40	37	38	38	1	36	38	8742614	6494382	6502848	8739041	34743	30524659
105	30513622	2	38	1078674544	35.35	37	38	38	1	36	38	8734341	6509379	6496694	8737897	35311	30524659
106	30513612	2	38	1079068454	35.36	37	38	38	1	36	38	8741910	6504623	6500395	8730709	35975	30524659
107	30513606	2	38	1077109027	35.30	36	38	38	2	33	38	8748896	6497264	6504356	8725853	37237	30524659
108	30513598	2	38	1076501351	35.28	36	38	38	2	33	38	8731212	6520643	6495749	8730571	35423	30524659
109	30513590	2	38	1074498178	35.21	36	38	38	2	33	38	8739622	6503414	6501681	8735140	33733	30524659
110	30513587	2	38	1074995037	35.23	36	38	38	2	33	38	8741067	6491851	6512172	8733130	35367	30524659
111	30513587	2	38	1072649868	35.15	36	38	38	2	33	38	8730738	6508508	6508303	8731124	34914	30524659
112	30513587	2	38	1072499045	35.15	36	38	38	2	33	38	8728587	6512816	6509988	8727530	34666	30524659
113	30513587	2	38	1070297506	35.08	36	38	38	2	33	38	8743869	6498583	6507254	8727788	36093	30524659
114	30513587	2	38	1070388714	35.08	36	38	38	2	33	38	8734267	6510991	6505879	8730142	32308	30524659
115	30513587	2	38	1068092690	35.00	36	38	38	2	33	38	8734899	6508601	6502968	8731127	35992	30524659
116	30513587	2	38	1068265821	35.01	36	38	38	2	33	38	8747427	6497606	6499230	8735161	34163	30524659
117	30513587	2	38	1066061511	34.94	36	38	38	2	33	38	8730275	6506411	6500023	8741510	35368	30524659
118	30513587	2	38	1065742430	34.93	36	38	38	2	33	38	8733377	6504579	6503838	8737126	34667	30524659
119	30513587	2	38	1063559718	34.86	35	38	38	3	31	38	8743410	6493059	6510145	8731635	35338	30524659
120	30513587	2	38	1063253708	34.85	36	38	38	2	33	38	8727715	6516168	6496491	8738284	34929	30524659
121	30513587	2	38	1058570122	34.69	35	38	38	3	31	38	8728866	6491434	6483254	8717110	92923	30524659
122	30513587	2	38	1054726319	34.57	35	38	38	3	31	38	8732942	6480532	6498479	8709010	92624	30524659
123	30513587	2	38	1056038270	34.61	35	38	38	3	31	38	8732560	6508962	6504802	8734242	33021	30524659
124	30513587	2	38	1055945751	34.61	35	38	38	3	31	38	8731616	6511228	6497000	8736753	36990	30524659
125	30513587	2	38	1054137188	34.55	35	38	38	3	31	38	8738827	6494661	6508808	8732194	39097	30524659
126	30513587	2	38	947548348	31.05	27	35	38	11	11	38	8687493	6512524	6530525	8745829	37216	30524659
