column	count	min	max	sum	mean	Q1	med	Q3	IQR	lW	rW	A_Count	C_Count	G_Count	T_Count	N_Count	Max_count
1	31552882	2	34	1027095193	32.55	33	34	34	1	32	34	9538393	6847694	5826605	9245442	94748	31552882
2	31552681	2	34	1033128736	32.74	33	34	34	1	32	34	9523831	6078760	6590201	9359827	62	31552882
3	31552633	18	34	1036163256	32.84	33	34	34	1	32	34	9345262	6512813	6392331	9302227	0	31552882
4	31552604	15	34	1035275668	32.81	33	34	34	1	32	34	8987862	6622503	6638460	9303779	0	31552882
5	31552574	15	34	1037019469	32.87	33	34	34	1	32	34	8923605	6547015	6889636	9192318	0	31552882
6	31552559	14	38	1168418840	37.03	38	38	38	0	38	38	8984090	6780133	6875714	8912622	0	31552882
7	31552549	2	38	1162104875	36.83	38	38	38	0	38	38	8954973	6597616	7013737	8986212	11	31552882
8	31552542	14	38	1167279800	36.99	38	38	38	0	38	38	8970032	6808333	6743611	9030566	0	31552882
9	31552531	2	38	1169792405	37.07	38	38	38	0	38	38	8844068	6853331	6671919	9183024	189	31552882
10	31552515	14	38	1170299251	37.09	38	38	38	0	38	38	8967158	6833059	6750116	9002182	0	31552882
11	31552490	2	38	1170184223	37.09	38	38	38	0	38	38	8975968	6827929	6707943	9040547	103	31552882
12	31552464	14	38	1169445312	37.06	38	38	38	0	38	38	9033372	6812302	6674768	9032022	0	31552882
13	31552428	14	38	1170159588	37.09	38	38	38	0	38	38	9054382	6758801	6694534	9044711	0	31552882
14	31552390	2	38	1169844542	37.08	38	38	38	0	38	38	9048335	6740578	6680719	9082754	4	31552882
15	31552354	14	38	1170295554	37.09	38	38	38	0	38	38	9017705	6806574	6684964	9043111	0	31552882
16	31552293	14	38	1169576223	37.07	38	38	38	0	38	38	9032864	6731944	6725486	9061999	0	31552882
17	31552236	14	38	1170299994	37.09	38	38	38	0	38	38	9004017	6767885	6715611	9064723	0	31552882
18	31552182	2	38	1169890299	37.08	38	38	38	0	38	38	9008622	6826895	6705246	9011417	2	31552882
19	31552129	2	38	1170382558	37.09	38	38	38	0	38	38	9007281	6767248	6726722	9050768	110	31552882
20	31552071	2	38	1169679448	37.07	38	38	38	0	38	38	8984934	6797507	6733152	9036462	16	31552882
21	31552020	14	38	1169971809	37.08	38	38	38	0	38	38	8980549	6819931	6709658	9041882	0	31552882
22	31551960	2	38	1169674361	37.07	38	38	38	0	38	38	8989812	6807115	6711646	9043213	174	31552882
23	31551900	2	38	1169722986	37.07	38	38	38	0	38	38	8984580	6800933	6717695	9047989	703	31552882
24	31551841	2	38	1168873319	37.05	38	38	38	0	38	38	8977073	6820218	6723366	9031129	55	31552882
25	31551754	2	38	1168902446	37.05	38	38	38	0	38	38	8984690	6812909	6740667	9013166	322	31552882
26	31551690	2	38	1167239730	36.99	38	38	38	0	38	38	8988051	6795859	6741093	9025817	870	31552882
27	31551620	2	38	1167227559	36.99	38	38	38	0	38	38	8946580	6831980	6754333	9017782	945	31552882
28	31551548	2	38	1166470024	36.97	38	38	38	0	38	38	8955543	6823527	6758564	9013148	766	31552882
29	31551460	2	38	1166130711	36.96	38	38	38	0	38	38	8963534	6817387	6755975	9013333	1231	31552882
30	31551390	2	38	1165324353	36.93	38	38	38	0	38	38	8940953	6834426	6765205	9008282	2524	31552882
31	31551302	2	38	1165293175	36.93	38	38	38	0	38	38	8952942	6826457	6765469	9004434	2000	31552882
32	31551225	2	38	1164725653	36.92	38	38	38	0	38	38	8964820	6821193	6756518	9007807	887	31552882
33	31551154	2	38	1165193222	36.93	38	38	38	0	38	38	8959756	6828134	6756894	9005663	707	31552882
34	31551075	2	38	1164383421	36.90	38	38	38	0	38	38	8968799	6808280	6778451	8993028	2517	31552882
35	31550991	2	38	1164456288	36.91	38	38	38	0	38	38	8978269	6809841	6776559	8985212	1110	31552882
36	31550914	2	38	1163563522	36.88	38	38	38	0	38	38	8965874	6822586	6758647	8999405	4402	31552882
37	31550824	2	38	1163300139	36.87	38	38	38	0	38	38	8974399	6806939	6772923	8993461	3102	31552882
38	31550740	2	38	1162493756	36.85	38	38	38	0	38	38	8970223	6805831	6791175	8980503	3008	31552882
39	31550661	2	38	1161808907	36.82	38	38	38	0	38	38	8951281	6833636	6774580	8988407	2757	31552882
40	31550580	2	38	1160998133	36.80	38	38	38	0	38	38	8954373	6829950	6781857	8981194	3206	31552882
41	31550508	2	38	1160932267	36.80	38	38	38	0	38	38	8967311	6819967	6776591	8984221	2418	31552882
42	31550435	2	38	1160016004	36.77	38	38	38	0	38	38	8939236	6838167	6777979	8993197	1856	31552882
43	31550343	2	38	1159741059	36.76	38	38	38	0	38	38	8954500	6826669	6778098	8987584	3492	31552882
44	31550269	2	38	1158620497	36.72	38	38	38	0	38	38	8958080	6819695	6776882	8992670	2942	31552882
45	31550191	2	38	1158970521	36.73	38	38	38	0	38	38	8948262	6833118	6772237	8991770	4804	31552882
46	31550103	2	38	1157760481	36.70	38	38	38	0	38	38	8957295	6821588	6781807	8983640	5773	31552882
47	31550016	2	38	1158267399	36.71	38	38	38	0	38	38	8957172	6812871	6790925	8986096	2952	31552882
48	31549923	2	38	1156632380	36.66	38	38	38	0	38	38	8942434	6844089	6777725	8977963	7712	31552882
49	31549837	2	38	1156897304	36.67	38	38	38	0	38	38	8951866	6830073	6787006	8974669	6223	31552882
50	31549729	2	38	1155817466	36.63	38	38	38	0	38	38	8951689	6814868	6796928	8978494	7750	31552882
51	31549620	2	38	1156338673	36.65	38	38	38	0	38	38	8942371	6833462	6780132	8982591	11064	31552882
52	31549496	2	38	1155282706	36.62	38	38	38	0	38	38	8955045	6821010	6791652	8978593	3196	31552882
53	31549391	2	38	1152922345	36.54	38	38	38	0	38	38	8942795	6801554	6777762	8969493	57787	31552882
54	31549271	2	38	1153271732	36.55	38	38	38	0	38	38	8936388	6828185	6776662	8985290	22746	31552882
55	31549167	2	38	1153258600	36.55	38	38	38	0	38	38	8951661	6815487	6789986	8976756	15277	31552882
56	31549067	2	38	1152440196	36.53	38	38	38	0	38	38	8958338	6804408	6791724	8980813	13784	31552882
57	31548975	2	38	1152657880	36.54	38	38	38	0	38	38	8933193	6832260	6783882	8981505	18135	31552882
58	31548856	2	38	1151923874	36.51	38	38	38	0	38	38	8943703	6821796	6792545	8974384	16428	31552882
59	31548753	2	38	1152157692	36.52	38	38	38	0	38	38	8947813	6816168	6789953	8976933	17886	31552882
60	31548639	2	38	1151520331	36.50	38	38	38	0	38	38	8935622	6838830	6783913	8979302	10972	31552882
61	31548518	2	38	1151236615	36.49	38	38	38	0	38	38	8936860	6823844	6786479	8981127	20208	31552882
62	31548369	2	38	1147070054	36.36	38	38	38	0	38	38	8909941	6794804	6769005	8963996	110623	31552882
63	31548240	2	38	1149416148	36.43	38	38	38	0	38	38	8930952	6832822	6776730	8981802	25934	31552882
64	31548071	2	38	1148569554	36.41	38	38	38	0	38	38	8951390	6820036	6783076	8978301	15268	31552882
65	31547933	2	38	1149234664	36.43	38	38	38	0	38	38	8952655	6808695	6790033	8975858	20692	31552882
66	31547784	2	38	1148074065	36.39	38	38	38	0	38	38	8935854	6826755	6784142	8979479	21554	31552882
67	31547617	2	38	1148736297	36.41	38	38	38	0	38	38	8947357	6812963	6799692	8971577	16028	31552882
68	31547437	2	38	1147810578	36.38	38	38	38	0	38	38	8945811	6817503	6794369	8973621	16133	31552882
69	31547271	2	38	1148039277	36.39	38	38	38	0	38	38	8928850	6835148	6790528	8981187	11558	31552882
70	31547060	2	38	1147100948	36.36	38	38	38	0	38	38	8941825	6822904	6801137	8978800	2394	31552882
71	31546840	2	38	1147698133	36.38	38	38	38	0	38	38	8950600	6818941	6792582	8984224	493	31552882
72	31546636	2	38	1147374847	36.37	38	38	38	0	38	38	8929303	6846914	6786756	8983329	334	31552882
73	31546410	2	38	1147316721	36.37	38	38	38	0	38	38	8951078	6823359	6788520	8983349	104	31552882
74	31546182	2	38	1146544465	36.34	38	38	38	0	38	38	8946293	6812241	6796217	8990775	656	31552882
75	31545951	2	38	1146032527	36.33	38	38	38	0	38	38	8937232	6832410	6785051	8990011	1247	31552882
76	31545694	2	38	1145352704	36.31	38	38	38	0	38	38	8947603	6820669	6791263	8984955	1204	31552882
77	31545442	2	38	1144861313	36.29	38	38	38	0	38	38	8955089	6808035	6797468	8984163	687	31552882
78	31545154	2	38	1144258827	36.27	38	38	38	0	38	38	8944477	6824230	6788852	8986755	840	31552882
79	31544820	2	38	1143718375	36.26	38	38	38	0	38	38	8945378	6819440	6801112	8977531	1359	31552882
80	31544514	2	38	1143322029	36.24	38	38	38	0	38	38	8938605	6825497	6799724	8979275	1413	31552882
81	31544196	2	38	1142900650	36.23	38	38	38	0	38	38	8939164	6834159	6787188	8981877	1808	31552882
82	31543873	2	38	1141820205	36.20	38	38	38	0	38	38	8945139	6823118	6798989	8974584	2043	31552882
83	31543524	2	38	1141243300	36.18	38	38	38	0	38	38	8943631	6817067	6797455	8983535	1836	31552882
84	31543120	2	38	1140620563	36.16	37	38	38	1	36	38	8939474	6829760	6778385	8992673	2828	31552882
85	31542745	2	38	1139836393	36.14	37	38	38	1	36	38	8947644	6818242	6788644	8986656	1559	31552882
86	31542310	2	38	1138657355	36.10	37	38	38	1	36	38	8952985	6805249	6793381	8988013	2682	31552882
87	31541854	2	38	1138081606	36.08	37	38	38	1	36	38	8937030	6825223	6792575	8984903	2123	31552882
88	31541345	2	38	1137189692	36.05	37	38	38	1	36	38	8948378	6817679	6794564	8978454	2270	31552882
89	31540811	2	38	1136741767	36.04	37	38	38	1	36	38	8949085	6807861	6794055	8985869	3941	31552882
90	31540251	2	38	1135552934	36.00	37	38	38	1	36	38	8929370	6827665	6795573	8984946	2697	31552882
91	31539652	2	38	1134855497	35.98	37	38	38	1	36	38	8939082	6814022	6801516	8982690	2342	31552882
92	31539060	2	38	1133802062	35.95	37	38	38	1	36	38	8938669	6810745	6797370	8989466	2810	31552882
93	31538440	2	38	1133379524	35.94	37	38	38	1	36	38	8930926	6830612	6784891	8989543	2468	31552882
94	31537767	2	38	1132511657	35.91	37	38	38	1	36	38	8947048	6812561	6787016	8988457	2685	31552882
95	31537162	2	38	1131902254	35.89	37	38	38	1	36	38	8948755	6804672	6790858	8988211	4666	31552882
96	31536639	2	38	1131183193	35.87	37	38	38	1	36	38	8938186	6812438	6785191	8998281	2543	31552882
97	31536596	2	38	1130420454	35.84	37	38	38	1	36	38	8949424	6809151	6790228	8984668	3125	31552882
98	31536567	2	38	1129186052	35.81	37	38	38	1	36	38	8952494	6803202	6789647	8989026	2198	31552882
99	31536530	2	38	1128792889	35.79	37	38	38	1	36	38	8934886	6819700	6788821	8991879	1244	31552882
100	31536501	2	38	1127655716	35.76	37	38	38	1	36	38	8938014	6814437	6795946	8987117	987	31552882
101	31536486	2	38	1126582623	35.72	37	38	38	1	36	38	8939485	6808063	6797101	8990682	1155	31552882
102	31536458	2	38	1125421042	35.69	37	38	38	1	36	38	8934058	6818858	6786207	8996709	626	31552882
103	31536427	2	38	1125233385	35.68	37	38	38	1	36	38	8942479	6811759	6798305	8983511	373	31552882
104	31536402	2	38	1124060356	35.64	37	38	38	1	36	38	8950387	6797827	6790027	8996939	1222	31552882
105	31536382	2	38	1123948678	35.64	37	38	38	1	36	38	8939647	6813752	6784298	8997742	943	31552882
106	31536352	2	38	1123094903	35.61	37	38	38	1	36	38	8953368	6805256	6783556	8993337	835	31552882
107	31536333	2	38	1121963478	35.58	37	38	38	1	36	38	8951023	6802951	6793343	8987524	1492	31552882
108	31536306	2	38	1121207506	35.55	36	38	38	2	33	38	8936272	6824676	6776395	8997715	1248	31552882
109	31536285	2	38	1120836465	35.54	36	38	38	2	33	38	8948416	6804463	6783969	8998787	650	31552882
110	31536269	2	38	1119072920	35.49	36	38	38	2	33	38	8948717	6795722	6797210	8993625	995	31552882
111	31536269	2	38	1117729427	35.44	36	38	38	2	33	38	8930374	6813272	6794734	8996986	903	31552882
112	31536269	2	38	1115974246	35.39	36	38	38	2	33	38	8939699	6811775	6791816	8992785	194	31552882
113	31536269	2	38	1114670412	35.35	36	38	38	2	33	38	8947698	6808774	6786297	8990958	2542	31552882
114	31536269	2	38	1113610705	35.31	36	38	38	2	33	38	8934940	6814534	6782024	9002598	2173	31552882
115	31536269	2	38	1112997661	35.29	36	38	38	2	33	38	8945211	6803433	6789585	8996959	1081	31552882
116	31536269	2	38	1111374545	35.24	36	38	38	2	33	38	8949602	6796766	6786551	9002112	1238	31552882
117	31536269	2	38	1111118737	35.23	36	38	38	2	33	38	8930623	6815088	6781085	9007828	1645	31552882
118	31536269	2	38	1109736472	35.19	36	38	38	2	33	38	8948488	6804109	6781908	9001045	719	31552882
119	31536269	2	38	1108535464	35.15	36	38	38	2	33	38	8944629	6797527	6797917	8995221	975	31552882
120	31536269	2	38	1107032351	35.10	36	38	38	2	33	38	8932258	6820235	6781538	9001501	737	31552882
121	31536269	2	38	1105387806	35.05	35	38	38	3	31	38	8949673	6805989	6782997	8996150	1460	31552882
122	31536269	2	38	1103558799	34.99	35	38	38	3	31	38	8946977	6793034	6794673	9000103	1482	31552882
123	31536269	2	38	1103283411	34.98	35	38	38	3	31	38	8937213	6812096	6780647	9005670	643	31552882
124	31536269	2	38	1102279954	34.95	35	38	38	3	31	38	8943428	6806394	6785159	9000702	586	31552882
125	31536269	2	38	1100546807	34.90	35	38	38	3	31	38	8943505	6795796	6786841	9009540	587	31552882
126	31536269	2	38	1005872918	31.90	29	36	38	9	16	38	8895042	6791639	6789889	9059202	497	31552882
