column	count	min	max	sum	mean	Q1	med	Q3	IQR	lW	rW	A_Count	C_Count	G_Count	T_Count	N_Count	Max_count
1	1073	2	34	27936	26.04	25	27	30	5	18	34	711	82	150	117	13	1073
2	1073	2	34	26916	25.08	18	27	28	10	3	34	246	97	120	597	13	1073
3	1073	2	34	24239	22.59	18	18	27	9	5	34	208	557	95	201	12	1073
4	1073	2	34	22397	20.87	15	15	27	12	2	34	191	190	528	151	13	1073
5	1073	2	34	26398	24.60	15	27	32	17	2	34	164	107	639	151	12	1073
6	1073	2	38	21887	20.40	14	16	28	14	2	38	511	102	321	127	12	1073
7	1073	2	38	27990	26.09	16	28	33	17	2	38	702	75	146	138	12	1073
8	1073	2	38	22587	21.05	14	16	29	15	2	38	284	112	529	136	12	1073
9	1073	2	38	24163	22.52	16	16	29	13	2	38	670	93	172	126	12	1073
10	1073	2	38	24362	22.70	16	16	29	13	2	38	230	102	588	140	13	1073
11	1073	2	38	22065	20.56	15	16	28	13	2	38	189	486	253	130	15	1073
12	1073	2	38	25130	23.42	15	26	29	14	2	38	177	128	606	150	12	1073
13	1073	2	38	21957	20.46	14	16	28	14	2	38	177	105	455	321	15	1073
14	1073	2	38	23167	21.59	14	16	28	14	2	38	166	546	151	196	14	1073
15	1073	2	38	24484	22.82	14	24	28	14	2	38	165	142	606	145	15	1073
16	1073	2	38	21819	20.33	14	16	27	13	2	38	188	103	403	365	14	1073
17	1073	2	38	24506	22.84	14	24	28	14	2	38	162	114	612	171	14	1073
18	1073	2	38	22797	21.25	14	16	28	14	2	38	172	118	304	465	14	1073
19	1073	2	38	22079	20.58	14	16	28	14	2	38	596	103	173	187	14	1073
20	1073	2	38	23097	21.53	15	16	28	13	2	38	227	94	600	139	13	1073
21	1073	2	38	27865	25.97	16	28	34	18	2	38	174	98	673	116	12	1073
22	1073	2	38	29970	27.93	16	33	37	21	2	38	181	91	649	140	12	1073
23	1073	2	38	21654	20.18	14	16	27	13	2	38	323	110	485	143	12	1073
24	1073	2	38	25244	23.53	16	25	28	12	2	38	665	94	158	144	12	1073
25	1073	2	38	29007	27.03	16	28	36	20	2	38	687	91	140	143	12	1073
26	1073	2	38	21544	20.08	14	16	25	11	2	38	313	101	524	120	15	1073
27	1073	2	38	23153	21.58	16	16	27	11	2	38	652	99	183	124	15	1073
28	1073	2	38	23125	21.55	16	16	27	11	2	38	224	104	610	120	15	1073
29	1073	2	38	21292	19.84	15	16	25	10	2	38	183	104	478	293	15	1073
30	1073	2	38	23042	21.47	14	16	28	14	2	38	179	100	629	150	15	1073
31	1073	2	38	22784	21.23	14	16	28	14	2	38	173	79	321	485	15	1073
32	1073	2	38	21478	20.02	15	16	25	10	2	38	599	94	168	197	15	1073
33	1073	2	38	21273	19.83	14	16	25	11	2	38	265	93	560	140	15	1073
34	1073	2	38	21686	20.21	15	16	25	10	2	38	606	110	226	116	15	1073
35	1073	2	38	21354	19.90	16	16	25	9	3	38	296	94	164	504	15	1073
36	1073	2	38	22229	20.72	16	16	27	11	2	38	191	430	125	312	15	1073
37	1073	2	38	24353	22.70	16	25	28	12	2	38	185	121	145	607	15	1073
38	1073	2	38	22511	20.98	16	16	27	11	2	38	174	484	147	253	15	1073
39	1073	2	38	22951	21.39	15	16	28	13	2	38	161	163	572	162	15	1073
40	1073	2	38	26512	24.71	16	27	33	17	2	38	150	114	648	146	15	1073
41	1073	2	38	21496	20.03	14	16	27	13	2	38	169	108	421	360	15	1073
42	1073	2	38	23147	21.57	14	16	28	14	2	38	155	114	633	156	15	1073
43	1073	2	38	26744	24.92	16	27	34	18	2	38	171	114	648	125	15	1073
44	1073	2	38	21355	19.90	14	15	27	13	2	38	172	108	476	302	15	1073
45	1073	2	38	20774	19.36	14	15	25	11	2	38	158	423	264	213	15	1073
46	1073	2	38	22885	21.33	14	16	27	13	2	38	152	124	648	134	15	1073
47	1073	2	38	20660	19.25	14	15	25	11	2	38	151	450	338	120	14	1073
48	1073	2	38	24018	22.38	15	24	27	12	2	38	154	584	184	137	14	1073
49	1073	2	38	21732	20.25	14	16	27	13	2	38	168	183	588	120	14	1073
50	1072	2	38	20498	19.12	14	14	24	10	2	38	163	113	529	252	15	1073
51	1072	2	38	21667	20.21	14	16	27	13	2	38	530	114	253	160	15	1073
52	1072	2	38	22108	20.62	14	16	27	13	2	38	234	105	186	532	15	1073
53	1072	2	38	22553	21.04	14	16	27	13	2	38	170	517	179	191	15	1073
54	1072	2	38	22404	20.90	15	16	27	12	2	38	522	245	160	132	13	1073
55	1072	2	38	22290	20.79	15	16	27	12	2	38	276	123	158	501	14	1073
56	1072	2	38	25814	24.08	15	26	29	14	2	38	184	99	168	608	13	1073
57	1072	2	38	21592	20.14	15	15	26	11	2	38	512	111	168	266	15	1073
58	1072	2	38	25522	23.81	15	25	29	14	2	38	657	121	148	132	14	1073
59	1072	2	38	28239	26.34	16	27	36	20	2	38	672	108	151	126	15	1073
60	1072	2	38	29548	27.56	16	31	37	21	2	38	682	110	175	92	13	1073
61	1072	2	38	29892	27.88	16	33	38	22	2	38	669	102	162	126	13	1073
62	1072	2	38	30026	28.01	16	33	38	22	2	38	695	88	160	116	13	1073
63	1072	2	38	30226	28.20	16	34	38	22	2	38	684	113	145	117	13	1073
64	1072	2	38	29925	27.92	16	33	38	22	2	38	721	93	146	100	12	1073
65	1070	2	38	30081	28.11	16	33	38	22	2	38	697	92	149	120	12	1073
66	1070	2	38	30247	28.27	16	34	38	22	2	38	695	90	170	103	12	1073
67	1070	2	38	27831	26.01	15	27	35	20	2	38	682	87	187	103	11	1073
68	1070	2	38	24409	22.81	14	24	29	15	2	38	686	94	159	119	12	1073
69	1070	2	38	23179	21.66	14	16	25	11	2	38	648	99	183	129	11	1073
70	1070	2	38	21869	20.44	14	15	25	11	2	38	619	118	202	121	10	1073
71	1070	2	38	21834	20.41	14	15	25	11	2	38	637	104	188	131	10	1073
72	1070	2	38	21323	19.93	14	15	25	11	2	38	557	107	244	152	10	1073
73	1070	2	38	21118	19.74	14	15	25	11	2	38	560	130	232	137	11	1073
74	1070	2	38	21160	19.78	14	15	25	11	2	38	560	112	239	147	12	1073
75	1070	2	38	20843	19.48	14	15	25	11	2	38	530	124	258	147	11	1073
76	1070	2	38	20863	19.50	14	15	25	11	2	38	526	120	263	151	10	1073
77	1069	2	38	20843	19.50	14	15	25	11	2	38	513	134	261	151	10	1073
78	1069	2	38	20359	19.04	14	15	24	10	2	38	450	158	292	160	9	1073
79	1069	2	38	20232	18.93	13	15	24	11	2	38	525	114	254	163	13	1073
80	1069	2	38	20316	19.00	13	15	25	12	2	38	446	125	297	188	13	1073
81	1069	2	38	20347	19.03	13	14	25	12	2	38	465	141	285	167	11	1073
82	1069	2	38	20171	18.87	13	14	24	11	2	38	423	137	324	173	12	1073
83	1069	2	38	20109	18.81	13	14	24	11	2	38	406	159	300	189	15	1073
84	1069	2	38	19931	18.64	13	14	23	10	2	38	424	155	308	169	13	1073
85	1069	2	38	20108	18.81	13	14	23	10	2	38	443	142	317	152	15	1073
86	1069	2	38	20076	18.78	13	14	23	10	2	38	383	149	319	205	13	1073
87	1069	2	38	20010	18.72	13	14	23	10	2	38	380	170	314	192	13	1073
88	1069	2	38	19904	18.62	13	14	23	10	2	38	368	150	354	183	14	1073
89	1069	2	38	20037	18.74	13	14	23	10	2	38	358	158	348	190	15	1073
90	1069	2	38	20041	18.75	13	14	23	10	2	38	369	177	344	164	15	1073
91	1069	2	38	20417	19.10	13	14	24	11	2	38	355	153	388	158	15	1073
92	1069	2	38	20011	18.72	13	14	23	10	2	38	351	157	362	184	15	1073
93	1069	2	38	19841	18.56	13	14	23	10	2	38	332	194	352	176	15	1073
94	1069	2	38	19809	18.53	13	14	23	10	2	38	344	174	378	158	15	1073
95	1069	2	38	19575	18.31	13	14	23	10	2	38	324	177	359	194	15	1073
96	1069	2	38	19721	18.45	13	14	23	10	2	38	358	171	341	184	15	1073
97	1069	2	38	19664	18.39	13	14	23	10	2	38	335	177	349	193	15	1073
98	1069	2	38	19294	18.05	13	14	23	10	2	38	360	192	307	195	15	1073
99	1069	2	38	19441	18.19	13	14	23	10	2	38	358	195	303	198	15	1073
100	1069	2	38	19556	18.29	13	14	23	10	2	38	380	187	322	170	10	1073
101	1069	2	38	19772	18.50	13	14	23	10	2	38	367	193	306	198	5	1073
102	1069	2	38	19587	18.32	13	14	23	10	2	38	396	181	279	208	5	1073
103	1069	2	38	19646	18.38	13	14	23	10	2	38	424	185	284	170	6	1073
104	1069	2	38	19533	18.27	13	14	23	10	2	38	434	158	279	188	10	1073
105	1069	2	38	19298	18.05	13	14	23	10	2	38	408	191	266	192	12	1073
106	1069	2	38	19385	18.13	13	14	23	10	2	38	468	168	242	176	15	1073
107	1069	2	38	19431	18.18	13	14	23	10	2	38	449	165	251	189	15	1073
108	1069	2	38	19572	18.31	13	14	23	10	2	38	471	145	236	202	15	1073
109	1069	2	38	19537	18.28	13	14	23	10	2	38	482	162	255	155	15	1073
110	1069	2	38	19508	18.25	13	14	23	10	2	38	496	171	219	168	15	1073
111	1069	2	38	19368	18.12	13	14	23	10	2	38	468	191	230	165	15	1073
112	1069	2	38	19204	17.96	13	14	23	10	2	38	503	176	231	144	15	1073
113	1069	2	38	19377	18.13	13	14	23	10	2	38	483	167	235	169	15	1073
114	1069	2	38	19483	18.23	13	14	23	10	2	38	490	153	234	178	14	1073
115	1069	2	38	19002	17.78	13	14	21	8	2	33	481	173	223	177	15	1073
116	1069	2	38	19125	17.89	13	14	21	8	2	33	473	174	234	173	15	1073
117	1069	2	38	19162	17.93	13	14	23	10	2	38	449	180	247	180	13	1073
118	1069	2	38	19220	17.98	13	14	23	10	2	38	467	170	266	151	15	1073
119	1069	2	38	19174	17.94	13	14	21	8	2	33	455	166	253	180	15	1073
120	1069	2	38	19154	17.92	13	14	23	10	2	38	439	188	251	176	15	1073
121	1069	2	38	19228	17.99	13	14	23	10	2	38	423	199	242	190	15	1073
122	1069	2	38	19349	18.10	13	14	23	10	2	38	442	192	255	165	15	1073
123	1069	2	38	19054	17.82	13	14	22	9	2	35	440	176	262	176	15	1073
124	1069	2	38	19091	17.86	13	14	21	8	2	33	436	190	251	177	15	1073
125	1069	2	38	19004	17.78	13	14	23	10	2	38	424	195	282	153	15	1073
126	1069	2	38	18252	17.07	13	14	21	8	2	33	465	190	247	153	14	1073
