column	count	min	max	sum	mean	Q1	med	Q3	IQR	lW	rW	A_Count	C_Count	G_Count	T_Count	N_Count	Max_count
1	38913	2	34	1272185	32.69	33	33	34	1	32	34	10809	9465	8110	10507	22	38913
2	38913	2	34	1278754	32.86	33	34	34	1	32	34	10919	8741	9151	10098	4	38913
3	38906	18	34	1279505	32.89	33	34	34	1	32	34	10038	9408	9558	9902	0	38913
4	38887	15	34	1280856	32.94	33	34	34	1	32	34	9863	10012	9032	9980	0	38913
5	38886	15	34	1283316	33.00	33	34	34	1	32	34	10344	8758	9441	10343	0	38913
6	38886	14	38	1418111	36.47	37	38	38	1	36	38	10016	8892	9939	10039	0	38913
7	38885	14	38	1427904	36.72	37	38	38	1	36	38	10003	8932	10067	9883	0	38913
8	38885	14	38	1432733	36.85	38	38	38	0	38	38	10096	9552	9164	10073	0	38913
9	38885	14	38	1434807	36.90	38	38	38	0	38	38	9976	9589	9358	9962	0	38913
10	38885	14	38	1434475	36.89	38	38	38	0	38	38	10085	9369	9471	9960	0	38913
11	38885	14	38	1435453	36.92	38	38	38	0	38	38	10000	9439	9421	10025	0	38913
12	38883	14	38	1433960	36.88	38	38	38	0	38	38	9953	9606	9079	10245	0	38913
13	38883	14	38	1434420	36.89	38	38	38	0	38	38	10087	9383	9259	10154	0	38913
14	38882	14	38	1434381	36.89	38	38	38	0	38	38	10241	9145	9395	10101	0	38913
15	38881	14	38	1433873	36.88	38	38	38	0	38	38	10156	9165	9298	10262	0	38913
16	38881	14	38	1435071	36.91	38	38	38	0	38	38	10246	9300	9170	10165	0	38913
17	38881	14	38	1436129	36.94	38	38	38	0	38	38	10227	9398	9201	10055	0	38913
18	38881	14	38	1436402	36.94	38	38	38	0	38	38	9877	9124	9897	9983	0	38913
19	38880	14	38	1436381	36.94	38	38	38	0	38	38	9952	9273	9764	9891	0	38913
20	38880	14	38	1436937	36.96	38	38	38	0	38	38	10051	9409	9471	9949	0	38913
21	38880	14	38	1436150	36.94	38	38	38	0	38	38	10119	9354	9221	10186	0	38913
22	38880	14	38	1436845	36.96	38	38	38	0	38	38	10107	9384	9325	10064	0	38913
23	38879	14	38	1436220	36.94	38	38	38	0	38	38	9988	9639	9364	9888	0	38913
24	38879	2	38	1436438	36.95	38	38	38	0	38	38	10078	9734	9181	9884	2	38913
25	38879	2	38	1435521	36.92	38	38	38	0	38	38	10159	9412	9260	10045	3	38913
26	38879	2	38	1434175	36.89	38	38	38	0	38	38	10423	9094	9356	10003	3	38913
27	38878	14	38	1433676	36.88	38	38	38	0	38	38	10073	9355	9475	9975	0	38913
28	38877	14	38	1433213	36.87	38	38	38	0	38	38	10018	9510	9410	9939	0	38913
29	38877	14	38	1431727	36.83	38	38	38	0	38	38	10066	9300	9401	10110	0	38913
30	38875	14	38	1431306	36.82	38	38	38	0	38	38	10006	9146	9800	9923	0	38913
31	38875	14	38	1430470	36.80	38	38	38	0	38	38	9985	9586	9443	9861	0	38913
32	38874	14	38	1431815	36.83	38	38	38	0	38	38	10110	9411	9058	10295	0	38913
33	38874	14	38	1430763	36.81	38	38	38	0	38	38	10156	9356	9193	10169	0	38913
34	38874	14	38	1430596	36.80	38	38	38	0	38	38	10121	9520	9527	9706	0	38913
35	38874	14	38	1429664	36.78	38	38	38	0	38	38	10145	9892	9069	9768	0	38913
36	38873	14	38	1429559	36.78	38	38	38	0	38	38	10213	9469	9205	9986	0	38913
37	38872	14	38	1427827	36.73	38	38	38	0	38	38	10192	9320	9318	10042	0	38913
38	38872	14	38	1425475	36.67	38	38	38	0	38	38	10103	9275	9568	9926	0	38913
39	38872	14	38	1423696	36.63	38	38	38	0	38	38	10030	9424	9639	9779	0	38913
40	38871	14	38	1421297	36.56	38	38	38	0	38	38	10048	9682	9206	9935	0	38913
41	38870	14	38	1422831	36.60	38	38	38	0	38	38	10410	9185	9248	10027	0	38913
42	38870	14	38	1421905	36.58	38	38	38	0	38	38	10261	9128	9684	9797	0	38913
43	38868	14	38	1420515	36.55	38	38	38	0	38	38	9759	9380	9933	9796	0	38913
44	38868	14	38	1418950	36.51	38	38	38	0	38	38	9970	9797	9374	9727	0	38913
45	38868	14	38	1417571	36.47	38	38	38	0	38	38	10088	9156	9329	10295	0	38913
46	38868	14	38	1417890	36.48	38	38	38	0	38	38	10196	9085	9583	10004	0	38913
47	38867	14	38	1416689	36.45	38	38	38	0	38	38	10107	9363	9607	9790	0	38913
48	38866	14	38	1414692	36.40	38	38	38	0	38	38	9803	9803	9284	9976	0	38913
49	38866	14	38	1412679	36.35	37	38	38	1	36	38	10172	9622	9148	9924	0	38913
50	38864	14	38	1412107	36.33	37	38	38	1	36	38	10064	9244	9454	10102	0	38913
51	38862	2	38	1411946	36.33	37	38	38	1	36	38	9937	9147	9493	10282	3	38913
52	38859	2	38	1410562	36.30	37	38	38	1	36	38	9854	9557	9316	10124	8	38913
53	38858	14	38	1408786	36.25	37	38	38	1	36	38	9950	9460	9476	9972	0	38913
54	38856	14	38	1406655	36.20	37	38	38	1	36	38	10021	9081	9619	10135	0	38913
55	38856	14	38	1406569	36.20	37	38	38	1	36	38	10184	9028	9548	10096	0	38913
56	38855	14	38	1405794	36.18	37	38	38	1	36	38	10051	9604	9237	9963	0	38913
57	38853	14	38	1404558	36.15	37	38	38	1	36	38	10238	9439	9303	9873	0	38913
58	38851	14	38	1402325	36.09	37	38	38	1	36	38	9996	9396	9822	9637	0	38913
59	38851	14	38	1400833	36.06	37	38	38	1	36	38	10026	9452	9560	9813	0	38913
60	38851	2	38	1398436	35.99	37	38	38	1	36	38	10084	9409	9053	10259	46	38913
61	38850	2	38	1395867	35.93	37	38	38	1	36	38	10113	9342	9283	10029	83	38913
62	38849	2	38	1396120	35.94	37	38	38	1	36	38	10108	9328	9365	10045	3	38913
63	38845	2	38	1395841	35.93	37	38	38	1	36	38	10065	9451	9294	10032	3	38913
64	38840	2	38	1393344	35.87	37	38	38	1	36	38	10421	9329	9238	9812	40	38913
65	38838	2	38	1391603	35.83	37	38	38	1	36	38	10424	9138	9277	9949	50	38913
66	38835	14	38	1391772	35.84	37	38	38	1	36	38	10251	9232	9644	9708	0	38913
67	38831	14	38	1390971	35.82	37	38	38	1	36	38	10104	9392	9593	9742	0	38913
68	38830	14	38	1391139	35.83	37	38	38	1	36	38	9889	9499	9606	9836	0	38913
69	38828	14	38	1387290	35.73	37	38	38	1	36	38	10089	9304	9308	10127	0	38913
70	38824	2	38	1383324	35.63	37	38	38	1	36	38	10103	9339	9609	9772	1	38913
71	38821	2	38	1381567	35.59	37	38	38	1	36	38	9987	9908	9158	9767	1	38913
72	38819	14	38	1381018	35.58	37	38	38	1	36	38	9885	9735	9161	10038	0	38913
73	38813	2	38	1378635	35.52	37	38	38	1	36	38	9905	9228	9375	10283	22	38913
74	38806	2	38	1374512	35.42	36	38	38	2	33	38	10166	9197	9429	9969	45	38913
75	38801	2	38	1369213	35.29	36	38	38	2	33	38	9942	9425	9447	9941	46	38913
76	38789	2	38	1366711	35.23	36	38	38	2	33	38	10065	9647	9191	9838	48	38913
77	38783	2	38	1364784	35.19	36	38	38	2	33	38	10346	8944	9450	10040	3	38913
78	38775	2	38	1364932	35.20	36	38	38	2	33	38	10096	8884	9852	9942	1	38913
79	38767	2	38	1357348	35.01	36	38	38	2	33	38	9894	9400	9799	9664	10	38913
80	38754	13	38	1353558	34.93	36	38	38	2	33	38	9805	9757	9200	9992	0	38913
81	38747	2	38	1354394	34.95	36	38	38	2	33	38	10090	9354	9222	10079	2	38913
82	38743	2	38	1354077	34.95	36	38	38	2	33	38	10193	9098	9612	9833	7	38913
83	38732	2	38	1352958	34.93	36	38	38	2	33	38	9723	9406	9629	9966	8	38913
84	38721	2	38	1347923	34.81	35	38	38	3	31	38	9925	9757	9262	9776	1	38913
85	38708	13	38	1342848	34.69	35	38	38	3	31	38	10320	9226	9084	10078	0	38913
86	38691	13	38	1344903	34.76	35	38	38	3	31	38	10141	8945	9653	9952	0	38913
87	38671	13	38	1343831	34.75	35	38	38	3	31	38	10074	9164	9502	9931	0	38913
88	38644	2	38	1338330	34.63	35	38	38	3	31	38	10342	9272	9331	9698	1	38913
89	38621	13	38	1332682	34.51	35	38	38	3	31	38	10244	9203	9332	9842	0	38913
90	38591	13	38	1329192	34.44	35	38	38	3	31	38	10153	9119	9659	9660	0	38913
91	38540	13	38	1327384	34.44	35	38	38	3	31	38	10010	9081	9635	9814	0	38913
92	38485	2	38	1325388	34.44	35	38	38	3	31	38	9866	9330	9243	10045	1	38913
93	38432	13	38	1321293	34.38	35	38	38	3	31	38	9797	9276	9461	9898	0	38913
94	38356	13	38	1313212	34.24	34	38	38	4	28	38	10175	9143	9322	9716	0	38913
95	38244	13	38	1310665	34.27	34	38	38	4	28	38	9964	9058	9350	9872	0	38913
96	38017	13	38	1303202	34.28	34	38	38	4	28	38	9888	9379	9081	9669	0	38913
97	37515	13	38	1282046	34.17	34	38	38	4	28	38	9790	9166	8863	9696	0	38913
98	36967	2	38	1263170	34.17	34	38	38	4	28	38	9617	8636	8997	9716	1	38913
99	36407	13	38	1240634	34.08	34	38	38	4	28	38	9412	8658	9045	9292	0	38913
100	35764	13	38	1215548	33.99	34	38	38	4	28	38	9417	8623	8465	9259	0	38913
101	35144	13	38	1194894	34.00	34	38	38	4	28	38	9283	8206	8571	9084	0	38913
102	34461	13	38	1168152	33.90	34	38	38	4	28	38	8994	8126	8481	8860	0	38913
103	33772	2	38	1138637	33.72	34	38	38	4	28	38	8748	7890	8357	8776	1	38913
104	33033	13	38	1112508	33.68	34	38	38	4	28	38	8491	7968	8017	8557	0	38913
105	32251	13	38	1083002	33.58	34	38	38	4	28	38	8442	7635	7697	8477	0	38913
106	31418	2	38	1052855	33.51	33	38	38	5	26	38	8204	7460	7667	8086	1	38913
107	30604	2	38	1020654	33.35	33	38	38	5	26	38	8181	7512	7254	7656	1	38913
108	29733	2	38	990204	33.30	33	38	38	5	26	38	7559	7236	7225	7712	1	38913
109	28743	13	38	955597	33.25	33	38	38	5	26	38	7527	6984	6822	7410	0	38913
110	27593	13	38	912586	33.07	33	38	38	5	26	38	7366	6330	6766	7131	0	38913
111	26419	13	38	871705	33.00	32	38	38	6	23	38	6883	6496	6385	6655	0	38913
112	25054	13	38	827313	33.02	31	37	38	7	21	38	6572	6147	5718	6617	0	38913
113	23439	13	38	775032	33.07	32	37	38	6	23	38	6090	5443	5750	6156	0	38913
114	21400	13	38	705483	32.97	32	37	38	6	23	38	5636	4872	5433	5459	0	38913
115	19054	13	38	628461	32.98	31	37	38	7	21	38	4923	4488	4816	4827	0	38913
116	16052	13	38	529035	32.96	31	37	38	7	21	38	4237	3790	3725	4300	0	38913
117	12494	13	38	411850	32.96	31	37	38	7	21	38	3424	2699	2871	3500	0	38913
118	8202	13	38	270275	32.95	32	37	38	6	23	38	2263	1745	1949	2245	0	38913
119	3299	13	38	107177	32.49	31	36	38	7	21	38	837	818	875	769	0	38913
120	3299	13	38	106816	32.38	31	36	38	7	21	38	860	786	865	788	0	38913
121	3299	13	38	105718	32.05	29	36	38	9	16	38	893	747	851	808	0	38913
122	3299	13	38	106308	32.22	31	36	38	7	21	38	841	810	820	828	0	38913
123	3299	13	38	105370	31.94	29	36	38	9	16	38	871	827	794	807	0	38913
124	3299	13	38	105548	31.99	29	36	38	9	16	38	842	765	866	826	0	38913
125	3299	13	38	105367	31.94	29	36	38	9	16	38	853	778	823	845	0	38913
126	3299	13	38	94773	28.73	21	33	38	17	13	38	842	788	860	809	0	38913
