column	count	min	max	sum	mean	Q1	med	Q3	IQR	lW	rW	A_Count	C_Count	G_Count	T_Count	N_Count	Max_count
1	27209935	2	34	865854651	31.82	32	33	34	2	29	34	8429122	5871117	4800697	8090301	18698	27209935
2	27209913	2	34	870436248	31.99	33	33	34	1	32	34	8583144	5386845	5672742	7550383	16799	27209935
3	27209891	2	34	871839681	32.04	33	33	34	1	32	34	8196503	5693021	5693116	7612016	15235	27209935
4	27209873	2	34	867416151	31.88	33	33	34	1	32	34	7754947	5858835	5686541	7893206	16344	27209935
5	27209860	2	34	867462555	31.88	33	33	34	1	32	34	7839724	5565539	5795038	7993904	15655	27209935
6	27209836	2	38	974950832	35.83	37	38	38	1	36	38	7910920	5780862	5849043	7655084	13927	27209935
7	27209825	2	38	974366231	35.81	37	38	38	1	36	38	7842075	5552732	5931896	7868426	14696	27209935
8	27209800	2	38	974005294	35.80	37	38	38	1	36	38	7961500	5681619	5742547	7809791	14343	27209935
9	27209777	2	38	973256603	35.77	37	38	38	1	36	38	7845464	5731659	5663142	7955653	13859	27209935
10	27209747	2	38	973345975	35.77	37	38	38	1	36	38	7884235	5754796	5709804	7846255	14657	27209935
11	27209698	2	38	972967893	35.76	37	38	38	1	36	38	7874586	5768551	5665921	7885186	15454	27209935
12	27209648	2	38	972650457	35.75	37	38	38	1	36	38	7902433	5758782	5664238	7870089	14106	27209935
13	27209600	2	38	972660104	35.75	37	38	38	1	36	38	7933510	5710794	5650051	7900816	14429	27209935
14	27209527	2	38	972046857	35.72	37	38	38	1	36	38	7955395	5689151	5655713	7895159	14109	27209935
15	27209452	2	38	971816806	35.72	37	38	38	1	36	38	7901129	5753342	5639476	7901755	13750	27209935
16	27209362	2	38	971183105	35.69	37	38	38	1	36	38	7882723	5730099	5669769	7913146	13625	27209935
17	27209262	2	38	969942896	35.65	37	38	38	1	36	38	7899761	5720016	5684240	7889869	15376	27209935
18	27209165	2	38	970111165	35.65	37	38	38	1	36	38	7857625	5769700	5674229	7892846	14765	27209935
19	27209061	2	38	969965279	35.65	37	38	38	1	36	38	7865485	5742221	5690714	7896108	14533	27209935
20	27208956	2	38	969564365	35.63	37	38	38	1	36	38	7865773	5757769	5710434	7860263	14717	27209935
21	27208857	2	38	968564569	35.60	37	38	38	1	36	38	7847207	5782528	5708784	7856709	13629	27209935
22	27208757	2	38	967915764	35.57	37	38	38	1	36	38	7843910	5778420	5711004	7861048	14375	27209935
23	27208669	2	38	967910248	35.57	37	38	38	1	36	38	7839084	5783420	5725562	7847851	12752	27209935
24	27208570	2	38	967468039	35.56	37	38	38	1	36	38	7825151	5810553	5724874	7834097	13895	27209935
25	27208484	2	38	967318009	35.55	37	38	38	1	36	38	7823695	5802053	5743925	7825724	13087	27209935
26	27208348	2	38	966584155	35.53	37	38	38	1	36	38	7832716	5792001	5747611	7820995	15025	27209935
27	27208230	2	38	966306881	35.52	37	38	38	1	36	38	7794208	5828400	5760078	7809551	15993	27209935
28	27208090	2	38	965829727	35.50	37	38	38	1	36	38	7807715	5824201	5757583	7801339	17252	27209935
29	27207972	2	38	964882897	35.46	37	38	38	1	36	38	7815476	5810444	5767101	7797230	17721	27209935
30	27207838	2	38	965278881	35.48	37	38	38	1	36	38	7792931	5826622	5776855	7792520	18910	27209935
31	27207699	2	38	965205512	35.48	37	38	38	1	36	38	7798403	5827681	5765820	7796813	18982	27209935
32	27207564	2	38	964996356	35.47	37	38	38	1	36	38	7811310	5822406	5769175	7785089	19584	27209935
33	27207430	2	38	964450964	35.45	37	38	38	1	36	38	7804328	5831977	5776595	7775820	18710	27209935
34	27207294	2	38	963580168	35.42	37	38	38	1	36	38	7812295	5818811	5783970	7770927	21291	27209935
35	27207157	2	38	962913972	35.39	37	38	38	1	36	38	7815274	5825776	5791452	7754013	20642	27209935
36	27207016	2	38	962974541	35.39	37	38	38	1	36	38	7801454	5843218	5775585	7767241	19518	27209935
37	27206885	2	38	962805641	35.39	37	38	38	1	36	38	7806648	5829933	5782168	7768927	19209	27209935
38	27206758	2	38	962355908	35.37	37	38	38	1	36	38	7815275	5826293	5798920	7747590	18680	27209935
39	27206588	2	38	961567025	35.34	37	38	38	1	36	38	7789299	5841837	5802311	7754225	18916	27209935
40	27206443	2	38	961066611	35.32	37	38	38	1	36	38	7789845	5848809	5795596	7753272	18921	27209935
41	27206296	2	38	960828349	35.32	37	38	38	1	36	38	7802241	5832184	5796182	7757930	17759	27209935
42	27206130	2	38	959459056	35.27	37	38	38	1	36	38	7784219	5849923	5805197	7748678	18113	27209935
43	27205989	2	38	959540459	35.27	37	38	38	1	36	38	7794685	5840788	5799215	7754364	16937	27209935
44	27205849	2	38	957798968	35.21	36	38	38	2	33	38	7796041	5836846	5811174	7744048	17740	27209935
45	27205720	2	38	957651607	35.20	36	38	38	2	33	38	7778059	5856010	5802447	7752510	16694	27209935
46	27205570	2	38	957743936	35.20	36	38	38	2	33	38	7785491	5844414	5801398	7757608	16659	27209935
47	27205421	2	38	957496163	35.20	36	38	38	2	33	38	7781773	5843240	5815162	7749024	16222	27209935
48	27205264	2	38	956849243	35.17	36	38	38	2	33	38	7772222	5864727	5809731	7741933	16651	27209935
49	27205116	2	38	955455995	35.12	36	38	38	2	33	38	7785340	5849564	5813034	7741032	16146	27209935
50	27204940	2	38	955179311	35.11	36	38	38	2	33	38	7785777	5842545	5816973	7743361	16284	27209935
51	27204755	2	38	954711696	35.09	36	38	38	2	33	38	7767054	5864058	5812165	7745854	15624	27209935
52	27204577	2	38	954220327	35.08	36	38	38	2	33	38	7777763	5855709	5811931	7742995	16179	27209935
53	27204388	2	38	952890724	35.03	36	38	38	2	33	38	7786945	5844726	5816775	7739025	16917	27209935
54	27204221	2	38	952531770	35.01	36	38	38	2	33	38	7763830	5861479	5811546	7750985	16381	27209935
55	27204029	2	38	952039787	35.00	36	38	38	2	33	38	7776310	5853983	5816515	7740453	16768	27209935
56	27203833	2	38	951365374	34.97	36	38	38	2	33	38	7775092	5853672	5818370	7740685	16014	27209935
57	27203632	2	38	950693357	34.95	36	38	38	2	33	38	7760383	5868624	5813752	7745240	15633	27209935
58	27203440	2	38	949893841	34.92	36	38	38	2	33	38	7771181	5859987	5820375	7736167	15730	27209935
59	27203243	2	38	949020409	34.89	36	38	38	2	33	38	7774591	5860632	5819332	7733391	15297	27209935
60	27203063	2	38	948500957	34.87	36	38	38	2	33	38	7761108	5871065	5813492	7743412	13986	27209935
61	27202866	2	38	947591361	34.83	36	38	38	2	33	38	7765282	5863967	5812992	7746666	13959	27209935
62	27202668	2	38	946616204	34.80	36	38	38	2	33	38	7771965	5861298	5816135	7739322	13948	27209935
63	27202465	2	38	945837747	34.77	36	38	38	2	33	38	7763483	5875075	5812093	7739452	12362	27209935
64	27202243	2	38	944954142	34.74	36	38	38	2	33	38	7775534	5863470	5815330	7735215	12694	27209935
65	27202011	2	38	944377755	34.72	36	38	38	2	33	38	7778251	5857663	5822492	7731509	12096	27209935
66	27201790	2	38	943496851	34.69	36	38	38	2	33	38	7766703	5868350	5819796	7736276	10665	27209935
67	27201555	2	38	942567205	34.65	35	38	38	3	31	38	7773502	5863324	5818264	7735172	11293	27209935
68	27201301	2	38	940917239	34.59	35	38	38	3	31	38	7775762	5865507	5821653	7727148	11231	27209935
69	27201058	2	38	940532076	34.58	35	38	38	3	31	38	7763717	5875551	5819626	7732103	10061	27209935
70	27200788	2	38	939773654	34.55	35	38	38	3	31	38	7773632	5865377	5821878	7729592	10309	27209935
71	27200498	2	38	938460691	34.50	35	38	38	3	31	38	7770841	5864866	5820402	7734767	9622	27209935
72	27200225	2	38	937184854	34.46	35	38	38	3	31	38	7752247	5887144	5819688	7731641	9505	27209935
73	27199934	2	38	935822055	34.41	35	38	38	3	31	38	7774332	5869059	5814643	7731080	10820	27209935
74	27199622	2	38	934613072	34.36	35	38	38	3	31	38	7778640	5854976	5821118	7733789	11099	27209935
75	27199349	2	38	933619963	34.33	35	38	38	3	31	38	7755288	5876247	5822016	7734807	10991	27209935
76	27199056	2	38	932235786	34.27	34	38	38	4	28	38	7769241	5870962	5816115	7733101	9637	27209935
77	27198727	2	38	931467125	34.25	34	38	38	4	28	38	7774413	5863505	5823632	7727217	9960	27209935
78	27198424	2	38	930334767	34.21	34	38	38	4	28	38	7768480	5871789	5817784	7730724	9647	27209935
79	27198092	2	38	929177256	34.16	34	38	38	4	28	38	7765449	5867941	5823806	7729423	11473	27209935
80	27197744	2	38	928302215	34.13	34	38	38	4	28	38	7763087	5882377	5816816	7724882	10582	27209935
81	27197383	2	38	927119957	34.09	34	38	38	4	28	38	7762089	5880378	5811741	7731781	11394	27209935
82	27197027	2	38	925759637	34.04	34	38	38	4	28	38	7767893	5868174	5823885	7725144	11931	27209935
83	27196669	2	38	924193375	33.98	34	38	38	4	28	38	7759762	5871771	5821348	7729490	14298	27209935
84	27196297	2	38	922886861	33.93	34	38	38	4	28	38	7748850	5880662	5813685	7739175	13925	27209935
85	27195929	2	38	921343343	33.88	34	38	38	4	28	38	7758851	5872080	5814238	7736663	14097	27209935
86	27195521	2	38	919203177	33.80	34	38	38	4	28	38	7770166	5865470	5823695	7722297	13893	27209935
87	27195130	2	38	917931550	33.75	34	38	38	4	28	38	7751632	5883523	5821292	7724616	14067	27209935
88	27194748	2	38	916635434	33.71	34	38	38	4	28	38	7757574	5876889	5814727	7731112	14446	27209935
89	27194334	2	38	915643409	33.67	34	38	38	4	28	38	7757352	5872750	5820949	7727599	15684	27209935
90	27193919	2	38	914300735	33.62	34	38	38	4	28	38	7749721	5878272	5823616	7726712	15598	27209935
91	27193528	2	38	912861319	33.57	34	38	38	4	28	38	7748708	5872692	5824586	7730289	17253	27209935
92	27193107	2	38	911520320	33.52	34	38	38	4	28	38	7755387	5867505	5826236	7727203	16776	27209935
93	27192681	2	38	910406989	33.48	34	38	38	4	28	38	7747531	5885011	5817993	7726122	16024	27209935
94	27192244	2	38	908788492	33.42	33	38	38	5	26	38	7758026	5871040	5821255	7725305	16618	27209935
95	27191847	2	38	906879547	33.35	33	38	38	5	26	38	7757624	5867660	5824882	7724042	17639	27209935
96	27191554	2	38	904866021	33.28	33	38	38	5	26	38	7741775	5881649	5817956	7730302	19872	27209935
97	27191531	2	38	903323289	33.22	33	38	38	5	26	38	7755443	5872196	5814751	7728740	20401	27209935
98	27191521	2	38	900544392	33.12	33	38	38	5	26	38	7759925	5872001	5820303	7719507	19785	27209935
99	27191501	2	38	898129633	33.03	33	38	38	5	26	38	7738719	5886197	5825359	7724478	16748	27209935
100	27191486	2	38	896154772	32.96	31	38	38	7	21	38	7753898	5885202	5820524	7720933	10929	27209935
101	27191475	2	38	895304421	32.93	31	38	38	7	21	38	7752828	5881504	5830305	7720056	6782	27209935
102	27191469	2	38	894815063	32.91	31	38	38	7	21	38	7741069	5890967	5825595	7728150	5688	27209935
103	27191460	2	38	892625274	32.83	31	38	38	7	21	38	7747096	5887445	5827098	7721611	8210	27209935
104	27191453	2	38	890634105	32.75	31	38	38	7	21	38	7752975	5879934	5826605	7719726	12213	27209935
105	27191444	2	38	889290939	32.70	31	38	38	7	21	38	7736671	5893863	5823031	7724976	12903	27209935
106	27191431	2	38	887386834	32.63	31	37	38	7	21	38	7746883	5887290	5822320	7718431	16507	27209935
107	27191422	2	38	886787283	32.61	31	37	38	7	21	38	7754686	5880176	5822884	7716293	17383	27209935
108	27191415	2	38	885730512	32.57	31	37	38	7	21	38	7733909	5898179	5820623	7721318	17386	27209935
109	27191408	2	38	883634837	32.50	31	37	38	7	21	38	7742631	5885099	5816725	7730075	16878	27209935
110	27191400	2	38	881016582	32.40	29	37	38	9	16	38	7740919	5881371	5836941	7715962	16207	27209935
111	27191400	2	38	879367497	32.34	29	37	38	9	16	38	7730968	5899863	5827851	7716714	16004	27209935
112	27191400	2	38	877505470	32.27	29	37	38	9	16	38	7738092	5896434	5819901	7722220	14753	27209935
113	27191400	2	38	875248934	32.19	29	37	38	9	16	38	7739655	5887288	5832409	7716332	15716	27209935
114	27191400	2	38	873127875	32.11	29	37	38	9	16	38	7732010	5896916	5828872	7717990	15612	27209935
115	27191400	2	38	871561321	32.05	29	37	38	9	16	38	7740355	5895025	5819180	7720187	16653	27209935
116	27191400	2	38	869940029	31.99	28	37	38	10	13	38	7742614	5893232	5821461	7717117	16976	27209935
117	27191400	2	38	867180346	31.89	28	37	38	10	13	38	7729425	5906235	5820604	7719052	16084	27209935
118	27191400	2	38	865544542	31.83	28	37	38	10	13	38	7736105	5900319	5816640	7720406	17930	27209935
119	27191400	2	38	863584693	31.76	28	37	38	10	13	38	7744369	5887519	5827940	7714204	17368	27209935
120	27191400	2	38	861448569	31.68	28	36	38	10	13	38	7724275	5910892	5816525	7722172	17536	27209935
121	27191400	2	38	859366606	31.60	27	36	38	11	11	38	7739747	5904792	5812502	7716296	18063	27209935
122	27191400	2	38	855884369	31.48	27	36	38	11	11	38	7742870	5894047	5828582	7706339	19562	27209935
123	27191400	2	38	853307004	31.38	27	36	38	11	11	38	7730409	5910249	5817087	7712694	20961	27209935
124	27191400	2	38	850196605	31.27	26	36	38	12	8	38	7729520	5908296	5817619	7716794	19171	27209935
125	27191400	2	38	847412953	31.16	25	36	38	13	6	38	7735258	5897287	5823721	7718512	16622	27209935
126	27191400	2	38	756625799	27.83	15	31	37	22	2	38	7595467	6003095	5876223	7701745	14870	27209935
