column	count	min	max	sum	mean	Q1	med	Q3	IQR	lW	rW	A_Count	C_Count	G_Count	T_Count	N_Count	Max_count
1	45244	2	34	1480025	32.71	33	33	34	1	32	34	12513	11203	9372	12137	19	45244
2	45243	2	34	1487279	32.87	33	34	34	1	32	34	12627	10350	10697	11566	3	45244
3	45235	18	34	1487285	32.88	33	34	34	1	32	34	11669	10981	11068	11517	0	45244
4	45206	15	34	1488210	32.92	33	34	34	1	32	34	11400	11542	10538	11726	0	45244
5	45202	2	34	1490211	32.97	33	34	34	1	32	34	11847	10360	10954	12040	1	45244
6	45201	14	38	1646832	36.43	37	38	38	1	36	38	11743	10371	11492	11595	0	45244
7	45201	14	38	1657845	36.68	37	38	38	1	36	38	11722	10489	11336	11654	0	45244
8	45200	14	38	1665720	36.85	38	38	38	0	38	38	11724	11284	10642	11550	0	45244
9	45200	14	38	1666248	36.86	38	38	38	0	38	38	11478	11233	10817	11672	0	45244
10	45200	14	38	1667506	36.89	38	38	38	0	38	38	11818	10951	10874	11557	0	45244
11	45200	14	38	1666940	36.88	38	38	38	0	38	38	11424	11104	10958	11714	0	45244
12	45197	14	38	1666147	36.86	38	38	38	0	38	38	11569	11330	10560	11738	0	45244
13	45197	14	38	1667824	36.90	38	38	38	0	38	38	11736	10914	10640	11907	0	45244
14	45197	14	38	1667365	36.89	38	38	38	0	38	38	11880	10620	10974	11723	0	45244
15	45197	14	38	1668135	36.91	38	38	38	0	38	38	11933	10462	10781	12021	0	45244
16	45196	14	38	1667799	36.90	38	38	38	0	38	38	11947	10648	11011	11590	0	45244
17	45195	14	38	1668197	36.91	38	38	38	0	38	38	11910	11154	10723	11408	0	45244
18	45195	14	38	1667330	36.89	38	38	38	0	38	38	11658	10544	11297	11696	0	45244
19	45193	14	38	1667971	36.91	38	38	38	0	38	38	11697	10875	11288	11333	0	45244
20	45193	14	38	1668912	36.93	38	38	38	0	38	38	11573	11065	10991	11564	0	45244
21	45192	14	38	1667498	36.90	38	38	38	0	38	38	11528	10950	10894	11820	0	45244
22	45192	14	38	1668634	36.92	38	38	38	0	38	38	11648	10969	11103	11472	0	45244
23	45192	14	38	1667862	36.91	38	38	38	0	38	38	11530	11165	10868	11629	0	45244
24	45192	14	38	1668166	36.91	38	38	38	0	38	38	11685	11283	10694	11530	0	45244
25	45192	2	38	1666247	36.87	38	38	38	0	38	38	11839	10990	10758	11603	2	45244
26	45192	2	38	1665003	36.84	38	38	38	0	38	38	11908	10829	10912	11541	2	45244
27	45191	14	38	1663952	36.82	38	38	38	0	38	38	11668	11115	10942	11466	0	45244
28	45191	14	38	1663312	36.81	38	38	38	0	38	38	11684	10807	10877	11823	0	45244
29	45191	14	38	1662094	36.78	38	38	38	0	38	38	11640	10767	11152	11632	0	45244
30	45190	14	38	1661679	36.77	38	38	38	0	38	38	11746	10444	11285	11715	0	45244
31	45190	14	38	1661374	36.76	38	38	38	0	38	38	11556	11050	10985	11599	0	45244
32	45189	14	38	1662255	36.78	38	38	38	0	38	38	11800	11096	10323	11970	0	45244
33	45189	14	38	1662805	36.80	38	38	38	0	38	38	11981	10709	11001	11498	0	45244
34	45189	14	38	1661631	36.77	38	38	38	0	38	38	11666	11078	11392	11053	0	45244
35	45187	14	38	1659952	36.74	38	38	38	0	38	38	11480	11603	10847	11257	0	45244
36	45186	14	38	1659921	36.74	38	38	38	0	38	38	11384	11186	10756	11860	0	45244
37	45184	14	38	1659009	36.72	38	38	38	0	38	38	11803	10980	10655	11746	0	45244
38	45183	14	38	1655217	36.63	38	38	38	0	38	38	11603	10769	11079	11732	0	45244
39	45182	14	38	1652401	36.57	38	38	38	0	38	38	11708	11143	11217	11114	0	45244
40	45181	14	38	1649811	36.52	38	38	38	0	38	38	11655	11417	10568	11541	0	45244
41	45181	14	38	1650761	36.54	38	38	38	0	38	38	11830	10968	10784	11599	0	45244
42	45179	14	38	1649702	36.51	38	38	38	0	38	38	11884	10429	11298	11568	0	45244
43	45178	14	38	1648905	36.50	38	38	38	0	38	38	11483	10794	11570	11331	0	45244
44	45178	14	38	1647282	36.46	38	38	38	0	38	38	11480	11348	11099	11251	0	45244
45	45177	14	38	1645428	36.42	38	38	38	0	38	38	11913	10704	10865	11695	0	45244
46	45174	14	38	1645201	36.42	38	38	38	0	38	38	11842	10642	11098	11592	0	45244
47	45174	14	38	1644494	36.40	38	38	38	0	38	38	11749	11008	11021	11396	0	45244
48	45174	14	38	1642673	36.36	37	38	38	1	36	38	11291	11509	10824	11550	0	45244
49	45174	14	38	1640004	36.30	37	38	38	1	36	38	11778	11007	10781	11608	0	45244
50	45174	14	38	1639308	36.29	37	38	38	1	36	38	11704	10751	10940	11779	0	45244
51	45173	2	38	1639471	36.29	37	38	38	1	36	38	11584	10821	10977	11787	4	45244
52	45172	2	38	1637484	36.25	37	38	38	1	36	38	11268	11268	10741	11888	7	45244
53	45171	14	38	1633519	36.16	37	38	38	1	36	38	11568	11064	10858	11681	0	45244
54	45170	14	38	1633231	36.16	37	38	38	1	36	38	11689	10486	11060	11935	0	45244
55	45168	14	38	1631122	36.11	37	38	38	1	36	38	11789	10575	11125	11679	0	45244
56	45168	14	38	1629799	36.08	37	38	38	1	36	38	11617	11029	11008	11514	0	45244
57	45167	14	38	1626456	36.01	37	38	38	1	36	38	11795	11065	10860	11447	0	45244
58	45165	14	38	1626322	36.01	37	38	38	1	36	38	11463	11027	11308	11367	0	45244
59	45163	14	38	1624988	35.98	37	38	38	1	36	38	11520	11017	11192	11434	0	45244
60	45161	2	38	1621742	35.91	37	38	38	1	36	38	11644	10866	10815	11767	69	45244
61	45158	2	38	1618807	35.85	37	38	38	1	36	38	11594	10954	10742	11772	96	45244
62	45157	14	38	1617685	35.82	37	38	38	1	36	38	11605	10987	10970	11595	0	45244
63	45157	2	38	1617413	35.82	37	38	38	1	36	38	11592	11079	10760	11725	1	45244
64	45155	2	38	1615951	35.79	37	38	38	1	36	38	12101	10757	10732	11529	36	45244
65	45154	2	38	1613355	35.73	37	38	38	1	36	38	12084	10746	10982	11290	52	45244
66	45152	14	38	1612627	35.72	37	38	38	1	36	38	11714	10749	11165	11524	0	45244
67	45149	14	38	1612979	35.73	37	38	38	1	36	38	11912	11086	10934	11217	0	45244
68	45146	14	38	1610789	35.68	37	38	38	1	36	38	11355	11158	11211	11422	0	45244
69	45146	14	38	1608292	35.62	37	38	38	1	36	38	11752	10961	10913	11520	0	45244
70	45144	14	38	1603901	35.53	37	38	38	1	36	38	11663	11080	10990	11411	0	45244
71	45142	14	38	1601987	35.49	36	38	38	2	33	38	11577	11453	10838	11274	0	45244
72	45139	14	38	1601951	35.49	36	38	38	2	33	38	11506	11282	10465	11886	0	45244
73	45135	2	38	1598057	35.41	36	38	38	2	33	38	11929	10693	10746	11734	33	45244
74	45131	2	38	1592243	35.28	36	38	38	2	33	38	11738	11015	11070	11256	52	45244
75	45127	2	38	1587155	35.17	36	38	38	2	33	38	11483	11257	10918	11408	61	45244
76	45123	2	38	1584711	35.12	36	38	38	2	33	38	11521	11096	10793	11649	64	45244
77	45116	2	38	1583147	35.09	36	38	38	2	33	38	11963	10520	11126	11501	6	45244
78	45112	2	38	1580598	35.04	36	38	38	2	33	38	11800	10207	11364	11740	1	45244
79	45100	2	38	1574791	34.92	36	38	38	2	33	38	11528	10751	11616	11192	13	45244
80	45089	13	38	1568845	34.79	35	38	38	3	31	38	11521	11435	10812	11321	0	45244
81	45083	13	38	1569285	34.81	35	38	38	3	31	38	11596	11052	10868	11567	0	45244
82	45074	2	38	1570019	34.83	35	38	38	3	31	38	11663	10961	10957	11491	2	45244
83	45062	2	38	1566995	34.77	35	38	38	3	31	38	11300	11176	11200	11383	3	45244
84	45053	13	38	1560726	34.64	35	38	38	3	31	38	11237	11217	10928	11671	0	45244
85	45047	13	38	1557936	34.58	35	38	38	3	31	38	11723	10769	10840	11715	0	45244
86	45038	13	38	1558235	34.60	35	38	38	3	31	38	11744	10647	11122	11525	0	45244
87	45010	13	38	1557771	34.61	35	38	38	3	31	38	11956	10852	10828	11374	0	45244
88	44978	13	38	1551847	34.50	35	38	38	3	31	38	11708	11006	10888	11376	0	45244
89	44953	13	38	1544256	34.35	35	38	38	3	31	38	11835	10863	10931	11324	0	45244
90	44923	13	38	1540683	34.30	34	38	38	4	28	38	11827	10511	11201	11384	0	45244
91	44882	13	38	1538534	34.28	34	38	38	4	28	38	11490	10551	11393	11448	0	45244
92	44828	13	38	1535175	34.25	34	38	38	4	28	38	11516	11037	10822	11453	0	45244
93	44765	13	38	1532895	34.24	34	38	38	4	28	38	11510	10930	10719	11606	0	45244
94	44661	13	38	1524222	34.13	34	38	38	4	28	38	11671	10793	10689	11508	0	45244
95	44533	13	38	1520170	34.14	34	38	38	4	28	38	11691	10667	10818	11357	0	45244
96	44286	13	38	1512910	34.16	34	38	38	4	28	38	11287	11052	10626	11321	0	45244
97	43676	13	38	1489915	34.11	34	38	38	4	28	38	11500	10519	10153	11504	0	45244
98	43054	13	38	1461643	33.95	34	38	38	4	28	38	11199	10358	10432	11065	0	45244
99	42370	13	38	1435091	33.87	34	38	38	4	28	38	10881	10267	10408	10814	0	45244
100	41590	13	38	1405072	33.78	34	38	38	4	28	38	10761	9908	10074	10847	0	45244
101	40845	13	38	1379634	33.78	34	38	38	4	28	38	10739	9553	10063	10490	0	45244
102	40112	13	38	1350686	33.67	34	38	38	4	28	38	10420	9389	9779	10524	0	45244
103	39349	13	38	1318163	33.50	33	38	38	5	26	38	10244	9400	9467	10238	0	45244
104	38500	13	38	1290634	33.52	33	38	38	5	26	38	9950	9264	9317	9969	0	45244
105	37651	13	38	1258909	33.44	33	38	38	5	26	38	10026	9065	8998	9562	0	45244
106	36736	2	38	1225900	33.37	33	38	38	5	26	38	9674	8782	8879	9399	2	45244
107	35773	13	38	1188833	33.23	33	38	38	5	26	38	9425	8920	8455	8973	0	45244
108	34727	13	38	1149555	33.10	33	38	38	5	26	38	8822	8583	8316	9006	0	45244
109	33578	13	38	1110518	33.07	32	38	38	6	23	38	8854	7974	7987	8763	0	45244
110	32348	13	38	1065889	32.95	31	38	38	7	21	38	8528	7515	7952	8353	0	45244
111	30972	13	38	1018206	32.88	31	37	38	7	21	38	7961	7604	7459	7948	0	45244
112	29332	13	38	963279	32.84	31	37	38	7	21	38	7654	7312	6649	7717	0	45244
113	27416	13	38	902572	32.92	31	37	38	7	21	38	7143	6284	6633	7356	0	45244
114	25005	13	38	822491	32.89	31	37	38	7	21	38	6534	5730	6386	6355	0	45244
115	22247	2	38	729438	32.79	31	37	38	7	21	38	5664	5180	5625	5777	1	45244
116	18723	13	38	610902	32.63	31	37	38	7	21	38	4960	4467	4293	5003	0	45244
117	14472	2	38	472417	32.64	31	37	38	7	21	38	3977	3126	3284	4084	1	45244
118	9170	13	38	299706	32.68	31	37	38	7	21	38	2608	1798	2234	2530	0	45244
119	3368	13	38	108725	32.28	31	36	38	7	21	38	891	840	884	753	0	45244
120	3368	13	38	107452	31.90	28	36	38	10	13	38	875	843	823	827	0	45244
121	3368	13	38	107332	31.87	29	36	38	9	16	38	869	799	850	850	0	45244
122	3368	13	38	106938	31.75	28	36	38	10	13	38	842	793	860	873	0	45244
123	3368	13	38	107424	31.90	29	35	38	9	16	38	891	784	865	828	0	45244
124	3368	13	38	107034	31.78	29	36	38	9	16	38	905	786	818	859	0	45244
125	3368	13	38	107065	31.79	28	36	38	10	13	38	873	818	823	854	0	45244
126	3368	13	38	96292	28.59	21	33	38	17	13	38	846	835	840	847	0	45244
