column	count	min	max	sum	mean	Q1	med	Q3	IQR	lW	rW	A_Count	C_Count	G_Count	T_Count	N_Count	Max_count
1	28971214	2	34	916937365	31.65	32	33	34	2	29	34	8922332	6303461	5160465	8564321	20635	28971214
2	28971188	2	34	921964594	31.82	32	33	34	2	29	34	9145960	5746955	6049180	8010528	18565	28971214
3	28971175	2	34	923446423	31.87	32	33	34	2	29	34	8686324	6063662	6088336	8115975	16878	28971214
4	28971158	2	34	918163995	31.69	32	33	34	2	29	34	8228490	6251524	6095168	8378018	17958	28971214
5	28971132	2	34	918079410	31.69	32	33	34	2	29	34	8315195	5960824	6182841	8494911	17361	28971214
6	28971119	2	38	1031110085	35.59	37	38	38	1	36	38	8405312	6183513	6243577	8123356	15361	28971214
7	28971091	2	38	1030348027	35.56	37	38	38	1	36	38	8332435	5939890	6335455	8347038	16273	28971214
8	28971077	2	38	1029793431	35.55	37	38	38	1	36	38	8451777	6081913	6125299	8296262	15826	28971214
9	28971033	2	38	1028914509	35.52	37	38	38	1	36	38	8315499	6136234	6051631	8452258	15411	28971214
10	28970998	2	38	1028901101	35.51	37	38	38	1	36	38	8368663	6162698	6089133	8334345	16159	28971214
11	28970956	2	38	1028378703	35.50	37	38	38	1	36	38	8343168	6190418	6051407	8368897	17066	28971214
12	28970877	2	38	1028122525	35.49	37	38	38	1	36	38	8373522	6170511	6054574	8356714	15556	28971214
13	28970820	2	38	1027930639	35.48	37	38	38	1	36	38	8409489	6120952	6039388	8385041	15950	28971214
14	28970727	2	38	1027197843	35.46	37	38	38	1	36	38	8439931	6098927	6038282	8378079	15508	28971214
15	28970625	2	38	1026893961	35.45	37	38	38	1	36	38	8381636	6162822	6025634	8385349	15184	28971214
16	28970527	2	38	1026000355	35.42	37	38	38	1	36	38	8354487	6140659	6066204	8394172	15005	28971214
17	28970404	2	38	1024778432	35.37	37	38	38	1	36	38	8381697	6130957	6069686	8371159	16905	28971214
18	28970293	2	38	1024995042	35.38	37	38	38	1	36	38	8336548	6180238	6059855	8377429	16223	28971214
19	28970179	2	38	1025059273	35.38	37	38	38	1	36	38	8341053	6148140	6084651	8380347	15988	28971214
20	28970067	2	38	1024732850	35.37	37	38	38	1	36	38	8353622	6164759	6103864	8331628	16194	28971214
21	28969943	2	38	1023731155	35.34	37	38	38	1	36	38	8316764	6197676	6103509	8336931	15063	28971214
22	28969807	2	38	1023124799	35.32	37	38	38	1	36	38	8322672	6189176	6103261	8338782	15916	28971214
23	28969678	2	38	1023197834	35.32	37	38	38	1	36	38	8311390	6196535	6113574	8334036	14143	28971214
24	28969544	2	38	1022687101	35.30	37	38	38	1	36	38	8295992	6221152	6125533	8311534	15333	28971214
25	28969405	2	38	1022448186	35.29	37	38	38	1	36	38	8300084	6212083	6137616	8305244	14378	28971214
26	28969269	2	38	1021792082	35.27	37	38	38	1	36	38	8306986	6201929	6149317	8294448	16589	28971214
27	28969122	2	38	1021432257	35.26	37	38	38	1	36	38	8268811	6233634	6159271	8289756	17650	28971214
28	28968985	2	38	1021003201	35.24	37	38	38	1	36	38	8283920	6228130	6159143	8278755	19037	28971214
29	28968831	2	38	1020040876	35.21	37	38	38	1	36	38	8291824	6212616	6168407	8276466	19518	28971214
30	28968679	2	38	1020429099	35.23	37	38	38	1	36	38	8261704	6237338	6182692	8266065	20880	28971214
31	28968504	2	38	1020380962	35.22	37	38	38	1	36	38	8279653	6235362	6171002	8261540	20947	28971214
32	28968326	2	38	1020235630	35.22	37	38	38	1	36	38	8291248	6227817	6166366	8261243	21652	28971214
33	28968181	2	38	1019580669	35.20	36	38	38	2	33	38	8278693	6242943	6178675	8247196	20674	28971214
34	28968021	2	38	1018726589	35.17	36	38	38	2	33	38	8288229	6226837	6185353	8244093	23509	28971214
35	28967877	2	38	1018007037	35.14	36	38	38	2	33	38	8290112	6236399	6189999	8228624	22743	28971214
36	28967714	2	38	1018022845	35.14	36	38	38	2	33	38	8278273	6250844	6178885	8238150	21562	28971214
37	28967552	2	38	1017866482	35.14	36	38	38	2	33	38	8284167	6232395	6189580	8240225	21185	28971214
38	28967414	2	38	1017348461	35.12	36	38	38	2	33	38	8290744	6230385	6205336	8220417	20532	28971214
39	28967222	2	38	1016584119	35.09	36	38	38	2	33	38	8257213	6253278	6208307	8227586	20838	28971214
40	28967057	2	38	1016036039	35.08	36	38	38	2	33	38	8264415	6252859	6203148	8225780	20855	28971214
41	28966878	2	38	1015692807	35.06	36	38	38	2	33	38	8283948	6240389	6200431	8222536	19574	28971214
42	28966715	2	38	1014278156	35.02	36	38	38	2	33	38	8259397	6255339	6213210	8218776	19993	28971214
43	28966534	2	38	1014347367	35.02	36	38	38	2	33	38	8261161	6249313	6207481	8229864	18715	28971214
44	28966340	2	38	1012442686	34.95	36	38	38	2	33	38	8271897	6244963	6217338	8212706	19436	28971214
45	28966154	2	38	1012262380	34.95	36	38	38	2	33	38	8256122	6261890	6206054	8223668	18420	28971214
46	28965967	2	38	1012294549	34.95	36	38	38	2	33	38	8262534	6251984	6211785	8221168	18496	28971214
47	28965776	2	38	1011956765	34.94	36	38	38	2	33	38	8263308	6250040	6217735	8216856	17837	28971214
48	28965617	2	38	1011279993	34.91	36	38	38	2	33	38	8243724	6276794	6213908	8212876	18315	28971214
49	28965421	2	38	1009794998	34.86	36	38	38	2	33	38	8257806	6260430	6220351	8209017	17817	28971214
50	28965216	2	38	1009420977	34.85	36	38	38	2	33	38	8262469	6252563	6221176	8211019	17989	28971214
51	28965043	2	38	1009000695	34.84	36	38	38	2	33	38	8239140	6274069	6219206	8215382	17246	28971214
52	28964847	2	38	1008383411	34.81	36	38	38	2	33	38	8250192	6266663	6213684	8216465	17843	28971214
53	28964639	2	38	1007021972	34.77	36	38	38	2	33	38	8261965	6256377	6220327	8207307	18663	28971214
54	28964411	2	38	1006595663	34.75	36	38	38	2	33	38	8241191	6266226	6218348	8220532	18114	28971214
55	28964205	2	38	1006063387	34.73	36	38	38	2	33	38	8251053	6263507	6221582	8209510	18553	28971214
56	28963987	2	38	1005321674	34.71	36	38	38	2	33	38	8250480	6262312	6219082	8214391	17722	28971214
57	28963769	2	38	1004598111	34.68	36	38	38	2	33	38	8235505	6277727	6221949	8211284	17304	28971214
58	28963521	2	38	1003720435	34.65	35	38	38	3	31	38	8247269	6268976	6225872	8204030	17374	28971214
59	28963295	2	38	1002845012	34.62	35	38	38	3	31	38	8252207	6270294	6220856	8203035	16903	28971214
60	28963072	2	38	1002292501	34.61	35	38	38	3	31	38	8237412	6282758	6218948	8208530	15424	28971214
61	28962844	2	38	1001353416	34.57	35	38	38	3	31	38	8245219	6273239	6217461	8211540	15385	28971214
62	28962588	2	38	1000212180	34.53	35	38	38	3	31	38	8242322	6270821	6219888	8214153	15404	28971214
63	28962331	2	38	999344218	34.50	35	38	38	3	31	38	8237797	6285346	6211643	8213862	13683	28971214
64	28962099	2	38	998319023	34.47	35	38	38	3	31	38	8247145	6279750	6216886	8204313	14005	28971214
65	28961826	2	38	997739879	34.45	35	38	38	3	31	38	8254429	6267458	6220215	8206339	13385	28971214
66	28961519	2	38	996779512	34.42	35	38	38	3	31	38	8238662	6280892	6221593	8208561	11811	28971214
67	28961220	2	38	995699915	34.38	35	38	38	3	31	38	8242091	6276516	6224956	8205192	12465	28971214
68	28960951	2	38	993919114	34.32	35	38	38	3	31	38	8252120	6268581	6227531	8200272	12447	28971214
69	28960643	2	38	993584342	34.31	35	38	38	3	31	38	8234430	6289801	6221148	8204065	11199	28971214
70	28960363	2	38	992765376	34.28	34	38	38	4	28	38	8246505	6272348	6230320	8199745	11445	28971214
71	28960057	2	38	991325751	34.23	34	38	38	4	28	38	8248977	6274598	6224293	8201498	10691	28971214
72	28959762	2	38	989920552	34.18	34	38	38	4	28	38	8228159	6296169	6217599	8207232	10603	28971214
73	28959469	2	38	988414733	34.13	34	38	38	4	28	38	8246077	6280637	6215317	8205449	11989	28971214
74	28959139	2	38	987062980	34.08	34	38	38	4	28	38	8250747	6268534	6223188	8204410	12260	28971214
75	28958835	2	38	986070924	34.05	34	38	38	4	28	38	8234011	6288834	6217292	8206497	12201	28971214
76	28958488	2	38	984568931	34.00	34	38	38	4	28	38	8242639	6285919	6220379	8198788	10763	28971214
77	28958137	2	38	983686017	33.97	34	38	38	4	28	38	8253953	6275224	6221182	8196644	11134	28971214
78	28957785	2	38	982390355	33.92	34	38	38	4	28	38	8240226	6283824	6220331	8202620	10784	28971214
79	28957364	2	38	981289095	33.89	34	38	38	4	28	38	8238499	6277627	6230350	8198215	12673	28971214
80	28956975	2	38	980236349	33.85	34	38	38	4	28	38	8240929	6287340	6218954	8198015	11737	28971214
81	28956608	2	38	978934417	33.81	34	38	38	4	28	38	8233000	6294700	6215221	8201000	12687	28971214
82	28956206	2	38	977432904	33.76	34	38	38	4	28	38	8240971	6279685	6224284	8198075	13191	28971214
83	28955806	2	38	975735121	33.70	34	38	38	4	28	38	8241382	6280425	6224163	8194062	15774	28971214
84	28955391	2	38	974328255	33.65	34	38	38	4	28	38	8223271	6295910	6217852	8203028	15330	28971214
85	28954911	2	38	972577138	33.59	34	38	38	4	28	38	8236662	6286137	6210412	8206198	15502	28971214
86	28954469	2	38	970265761	33.51	34	38	38	4	28	38	8250165	6274163	6222630	8192171	15340	28971214
87	28953985	2	38	968893786	33.46	33	38	38	5	26	38	8226227	6291194	6228454	8192643	15467	28971214
88	28953505	2	38	967535891	33.42	33	38	38	5	26	38	8232344	6288881	6218163	8198222	15895	28971214
89	28953032	2	38	966401610	33.38	33	38	38	5	26	38	8237824	6279862	6222705	8195350	17291	28971214
90	28952559	2	38	964966504	33.33	33	38	38	5	26	38	8219900	6296432	6228481	8190564	17182	28971214
91	28952054	2	38	963446032	33.28	33	38	38	5	26	38	8223752	6285187	6229651	8194381	19083	28971214
92	28951583	2	38	961971849	33.23	33	38	38	5	26	38	8230508	6282889	6225039	8194686	18461	28971214
93	28951124	2	38	960790974	33.19	33	38	38	5	26	38	8219033	6295697	6218485	8200238	17671	28971214
94	28950660	2	38	958993229	33.13	33	38	38	5	26	38	8228104	6286542	6227377	8190348	18289	28971214
95	28950243	2	38	956897269	33.05	33	38	38	5	26	38	8222983	6280335	6226925	8200565	19435	28971214
96	28949807	2	38	954724642	32.98	31	38	38	7	21	38	8216477	6297509	6222887	8191051	21883	28971214
97	28949777	2	38	953059916	32.92	31	38	38	7	21	38	8225009	6289991	6218737	8193533	22507	28971214
98	28949749	2	38	950009112	32.82	31	38	38	7	21	38	8233773	6284790	6220162	8189193	21831	28971214
99	28949733	2	38	947373496	32.72	31	38	38	7	21	38	8214103	6303827	6223304	8190008	18491	28971214
100	28949714	2	38	945173565	32.65	31	37	38	7	21	38	8219343	6302412	6223550	8192317	12092	28971214
101	28949703	2	38	944341864	32.62	31	37	38	7	21	38	8222364	6300083	6230456	8189179	7621	28971214
102	28949688	2	38	943811870	32.60	31	37	38	7	21	38	8219617	6304387	6228297	8191011	6376	28971214
103	28949673	2	38	941515639	32.52	31	37	38	7	21	38	8220607	6304050	6225515	8190334	9167	28971214
104	28949655	2	38	939384192	32.45	29	37	38	9	16	38	8227031	6295933	6224951	8188251	13489	28971214
105	28949654	2	38	937982002	32.40	29	37	38	9	16	38	8215892	6307155	6220645	8191696	14266	28971214
106	28949646	2	38	935901216	32.33	29	37	38	9	16	38	8222043	6303304	6216855	8189342	18102	28971214
107	28949633	2	38	935277823	32.31	29	37	38	9	16	38	8224984	6294930	6227006	8183561	19152	28971214
108	28949622	2	38	934026161	32.26	29	37	38	9	16	38	8201182	6314288	6224894	8190142	19116	28971214
109	28949611	2	38	931693435	32.18	29	37	38	9	16	38	8216931	6301868	6221028	8191194	18590	28971214
110	28949604	2	38	929086584	32.09	29	37	38	9	16	38	8215095	6296151	6242300	8178226	17832	28971214
111	28949604	2	38	927225694	32.03	28	37	38	10	13	38	8202390	6314763	6232283	8182562	17606	28971214
112	28949604	2	38	925252967	31.96	28	37	38	10	13	38	8209468	6317411	6222747	8183658	16320	28971214
113	28949604	2	38	922751432	31.87	28	37	38	10	13	38	8216464	6301612	6225443	8188710	17375	28971214
114	28949604	2	38	920488780	31.80	28	37	38	10	13	38	8202559	6318269	6230939	8180572	17265	28971214
115	28949604	2	38	918870653	31.74	28	37	38	10	13	38	8209157	6312130	6225949	8184125	18243	28971214
116	28949604	2	38	917094473	31.68	27	37	38	11	11	38	8211314	6310492	6223820	8185312	18666	28971214
117	28949604	2	38	914141500	31.58	27	36	38	11	11	38	8202380	6319827	6221099	8188649	17649	28971214
118	28949604	2	38	912382342	31.52	27	36	38	11	11	38	8207771	6309417	6222698	8190010	19708	28971214
119	28949604	2	38	910275417	31.44	27	36	38	11	11	38	8208365	6309476	6233202	8179454	19107	28971214
120	28949604	2	38	907976629	31.36	26	36	38	12	8	38	8197613	6329442	6219455	8183715	19379	28971214
121	28949604	2	38	905711866	31.29	26	36	38	12	8	38	8214108	6318771	6218051	8178786	19888	28971214
122	28949604	2	38	901995060	31.16	25	36	38	13	6	38	8212093	6307134	6236339	8172432	21606	28971214
123	28949604	2	38	899298367	31.06	25	36	38	13	6	38	8194329	6327143	6223027	8181913	23192	28971214
124	28949604	2	38	895994062	30.95	24	36	38	14	3	38	8200366	6327355	6220464	8180234	21185	28971214
125	28949604	2	38	892922911	30.84	24	36	38	14	3	38	8201484	6320010	6229525	8180300	18285	28971214
126	28949604	2	38	797717719	27.56	15	31	37	22	2	38	8049921	6447278	6283075	8152858	16472	28971214
