column	count	min	max	sum	mean	Q1	med	Q3	IQR	lW	rW	A_Count	C_Count	G_Count	T_Count	N_Count	Max_count
1	39388813	2	34	1263416169	32.08	33	33	34	1	32	34	12175384	8493061	6929863	11733471	57034	39388813
2	39388805	2	34	1271089842	32.27	33	33	34	1	32	34	12435949	7752036	8152309	11013094	35417	39388813
3	39388798	2	34	1272085525	32.30	33	33	34	1	32	34	11863896	8211437	8207980	11069600	35885	39388813
4	39388787	2	34	1269400343	32.23	33	33	34	1	32	34	11228953	8429597	8213584	11478133	38520	39388813
5	39388769	2	34	1270994168	32.27	33	33	34	1	32	34	11357437	7996825	8371504	11624579	38424	39388813
6	39388758	2	38	1430495181	36.32	38	38	38	0	38	38	11448948	8319874	8447655	11147586	24695	39388813
7	39388742	2	38	1430587980	36.32	38	38	38	0	38	38	11345425	8008451	8581335	11423754	29777	39388813
8	39388721	2	38	1430620718	36.32	38	38	38	0	38	38	11528215	8182483	8294033	11356971	27019	39388813
9	39388692	2	38	1427136846	36.23	38	38	38	0	38	38	11360342	8252302	8188662	11560586	26800	39388813
10	39388661	2	38	1429451152	36.29	38	38	38	0	38	38	11435948	8275990	8244727	11406583	25413	39388813
11	39388596	2	38	1429641255	36.30	38	38	38	0	38	38	11403215	8309766	8191729	11461118	22768	39388813
12	39388535	2	38	1427205658	36.23	38	38	38	0	38	38	11423324	8287327	8156562	11438542	82780	39388813
13	39388457	2	38	1429857763	36.30	38	38	38	0	38	38	11497921	8231378	8167081	11491861	216	39388813
14	39388355	2	38	1428826009	36.28	38	38	38	0	38	38	11511618	8202053	8166227	11483319	25138	39388813
15	39388249	2	38	1428635066	36.27	38	38	38	0	38	38	11453114	8283657	8147754	11479415	24309	39388813
16	39388120	2	38	1428062015	36.26	38	38	38	0	38	38	11417912	8243968	8202292	11497276	26672	39388813
17	39388000	2	38	1428489380	36.27	38	38	38	0	38	38	11444892	8250954	8191243	11475685	25226	39388813
18	39387866	2	38	1428222906	36.26	38	38	38	0	38	38	11384502	8320823	8185954	11473652	22935	39388813
19	39387734	2	38	1427770285	36.25	38	38	38	0	38	38	11401967	8270140	8219513	11471438	24676	39388813
20	39387596	2	38	1427781905	36.25	38	38	38	0	38	38	11396782	8298198	8244643	11423012	24961	39388813
21	39387438	2	38	1424530900	36.17	38	38	38	0	38	38	11336753	8331291	8216485	11406840	96069	39388813
22	39387263	2	38	1425117430	36.18	38	38	38	0	38	38	11351686	8320697	8227760	11419794	67326	39388813
23	39387123	2	38	1426659611	36.22	38	38	38	0	38	38	11363115	8342315	8261150	11418894	1649	39388813
24	39386949	2	38	1426559986	36.22	38	38	38	0	38	38	11341339	8382400	8274741	11387724	745	39388813
25	39386774	2	38	1425847802	36.20	38	38	38	0	38	38	11341023	8368836	8298937	11376024	1954	39388813
26	39386609	2	38	1423621422	36.14	38	38	38	0	38	38	11331674	8337516	8296009	11352031	69379	39388813
27	39386404	2	38	1424918950	36.18	38	38	38	0	38	38	11296771	8401622	8318446	11351626	17939	39388813
28	39386237	2	38	1424884262	36.18	38	38	38	0	38	38	11306828	8393560	8317528	11347451	20870	39388813
29	39386056	2	38	1425440644	36.19	38	38	38	0	38	38	11319614	8382776	8322469	11341428	19769	39388813
30	39385858	2	38	1425875082	36.20	38	38	38	0	38	38	11288934	8406557	8340225	11329390	20752	39388813
31	39385667	2	38	1425771531	36.20	38	38	38	0	38	38	11303566	8407897	8323598	11328099	22507	39388813
32	39385454	2	38	1425495933	36.19	38	38	38	0	38	38	11318806	8398359	8325458	11321713	21118	39388813
33	39385258	2	38	1424767063	36.18	38	38	38	0	38	38	11305824	8416200	8338734	11302903	21597	39388813
34	39385048	2	38	1422407167	36.12	38	38	38	0	38	38	11293422	8389156	8347785	11284625	70060	39388813
35	39384837	2	38	1420365038	36.06	38	38	38	0	38	38	11314261	8404812	8365368	11264140	36256	39388813
36	39384621	2	38	1421861220	36.10	38	38	38	0	38	38	11289108	8426968	8340147	11293192	35206	39388813
37	39384420	2	38	1422266288	36.11	38	38	38	0	38	38	11303360	8408377	8362520	11272823	37340	39388813
38	39384208	2	38	1423098798	36.13	38	38	38	0	38	38	11317325	8408195	8391366	11266430	892	39388813
39	39383984	2	38	1421827047	36.10	38	38	38	0	38	38	11272019	8437233	8379213	11280464	15055	39388813
40	39383766	2	38	1419907227	36.05	38	38	38	0	38	38	11292752	8440424	8379046	11269624	1920	39388813
41	39383575	2	38	1420680900	36.07	38	38	38	0	38	38	11299878	8413897	8377865	11271274	20661	39388813
42	39383357	2	38	1420633459	36.07	38	38	38	0	38	38	11274422	8436539	8387755	11265906	18735	39388813
43	39383150	2	38	1420011878	36.06	38	38	38	0	38	38	11287581	8428811	8379218	11262355	25185	39388813
44	39382930	2	38	1419668042	36.05	38	38	38	0	38	38	11290797	8428881	8381560	11260075	21617	39388813
45	39382685	2	38	1415765868	35.95	38	38	38	0	38	38	11282189	8441034	8391784	11244022	23656	39388813
46	39382458	2	38	1417115612	35.98	38	38	38	0	38	38	11286341	8426442	8384791	11258501	26383	39388813
47	39382201	2	38	1417455846	35.99	38	38	38	0	38	38	11281858	8429497	8397895	11253302	19649	39388813
48	39381976	2	38	1417398490	35.99	38	38	38	0	38	38	11264129	8463101	8387897	11248427	18422	39388813
49	39381739	2	38	1416809242	35.98	38	38	38	0	38	38	11277128	8439395	8393282	11247672	24262	39388813
50	39381516	2	38	1413528996	35.89	37	38	38	1	36	38	11296976	8420121	8416744	11227765	19910	39388813
51	39381275	2	38	1414661096	35.92	37	38	38	1	36	38	11262190	8448833	8396792	11249981	23479	39388813
52	39381029	2	38	1414844300	35.93	37	38	38	1	36	38	11274003	8440360	8394315	11247493	24858	39388813
53	39380790	2	38	1414420905	35.92	37	38	38	1	36	38	11293308	8425482	8397242	11237750	27008	39388813
54	39380537	2	38	1414111504	35.91	37	38	38	1	36	38	11258596	8447612	8393837	11259038	21454	39388813
55	39380303	2	38	1413839019	35.90	37	38	38	1	36	38	11280572	8439146	8402562	11240754	17269	39388813
56	39380027	2	38	1412670272	35.87	37	38	38	1	36	38	11276593	8425749	8406096	11239460	32129	39388813
57	39379750	2	38	1412069887	35.86	37	38	38	1	36	38	11252521	8456463	8396030	11244907	29829	39388813
58	39379446	2	38	1411318033	35.84	37	38	38	1	36	38	11266151	8443435	8402795	11241541	25524	39388813
59	39379169	2	38	1409559332	35.79	37	38	38	1	36	38	11277434	8430870	8407097	11233293	30475	39388813
60	39378875	2	38	1408727202	35.77	37	38	38	1	36	38	11246823	8462571	8405985	11237261	26235	39388813
61	39378592	2	38	1408450037	35.77	37	38	38	1	36	38	11262919	8442862	8399169	11248650	24992	39388813
62	39378263	2	38	1408288724	35.76	37	38	38	1	36	38	11261494	8436590	8405645	11252981	21553	39388813
63	39377953	2	38	1407441518	35.74	37	38	38	1	36	38	11256276	8463372	8395118	11237586	25601	39388813
64	39377656	2	38	1406783021	35.73	37	38	38	1	36	38	11272999	8447065	8394774	11237074	25744	39388813
65	39377329	2	38	1405442578	35.69	37	38	38	1	36	38	11270398	8438862	8407836	11231001	29232	39388813
66	39376987	2	38	1404776620	35.68	37	38	38	1	36	38	11253430	8451286	8408596	11238772	24903	39388813
67	39376674	2	38	1400823682	35.57	37	38	38	1	36	38	11268307	8442018	8419158	11223293	23898	39388813
68	39376338	2	38	1401908319	35.60	37	38	38	1	36	38	11268178	8443227	8415389	11226132	23412	39388813
69	39375949	2	38	1401707883	35.60	37	38	38	1	36	38	11247157	8460950	8405486	11237246	25110	39388813
70	39375612	2	38	1401018142	35.58	37	38	38	1	36	38	11258339	8442095	8413235	11228391	33552	39388813
71	39375266	2	38	1400530987	35.57	37	38	38	1	36	38	11264104	8438918	8410201	11232651	29392	39388813
72	39374885	2	38	1400039476	35.56	37	38	38	1	36	38	11237425	8471798	8407991	11234133	23538	39388813
73	39374501	2	38	1398906273	35.53	37	38	38	1	36	38	11267905	8448244	8394601	11239469	24282	39388813
74	39374102	2	38	1397782223	35.50	37	38	38	1	36	38	11269109	8428325	8409103	11242349	25216	39388813
75	39373678	2	38	1396644794	35.47	37	38	38	1	36	38	11244719	8457132	8408568	11238705	24554	39388813
76	39373240	2	38	1396036611	35.46	37	38	38	1	36	38	11259092	8448843	8402399	11236834	26072	39388813
77	39372829	2	38	1394870753	35.43	37	38	38	1	36	38	11269196	8433115	8410178	11235217	25123	39388813
78	39372403	2	38	1393050637	35.38	37	38	38	1	36	38	11253992	8450111	8404955	11239772	23573	39388813
79	39371959	2	38	1392512082	35.37	37	38	38	1	36	38	11255764	8445645	8412722	11233617	24211	39388813
80	39371507	2	38	1392289285	35.36	37	38	38	1	36	38	11249509	8455211	8403963	11237592	25232	39388813
81	39371060	2	38	1390990619	35.33	37	38	38	1	36	38	11243648	8461269	8399507	11240520	26116	39388813
82	39370601	2	38	1389309126	35.29	36	38	38	2	33	38	11261412	8439859	8414321	11228544	26465	39388813
83	39370141	2	38	1388513491	35.27	36	38	38	2	33	38	11262065	8445035	8413391	11225525	24125	39388813
84	39369645	2	38	1387015706	35.23	36	38	38	2	33	38	11242811	8463067	8393153	11247482	23132	39388813
85	39369117	2	38	1385509484	35.19	36	38	38	2	33	38	11253874	8444935	8396872	11245746	27690	39388813
86	39368571	2	38	1384849918	35.18	36	38	38	2	33	38	11262186	8433121	8405841	11241715	25708	39388813
87	39368025	2	38	1383306116	35.14	36	38	38	2	33	38	11243431	8451899	8411816	11235478	25401	39388813
88	39367443	2	38	1381736798	35.10	36	38	38	2	33	38	11245619	8449590	8412166	11238743	21325	39388813
89	39366924	2	38	1380830740	35.08	36	38	38	2	33	38	11249796	8441579	8414536	11239726	21287	39388813
90	39366330	2	38	1379344505	35.04	36	38	38	2	33	38	11237288	8463033	8412173	11231047	22789	39388813
91	39365787	2	38	1378100036	35.01	36	38	38	2	33	38	11243744	8442855	8412761	11239977	26450	39388813
92	39365195	2	38	1376526693	34.97	36	38	38	2	33	38	11245784	8439863	8414125	11236802	28621	39388813
93	39364660	2	38	1375046281	34.93	36	38	38	2	33	38	11238251	8462131	8406005	11232013	26260	39388813
94	39364096	2	38	1373756811	34.90	36	38	38	2	33	38	11248076	8446609	8406965	11237268	25178	39388813
95	39363632	2	38	1371921322	34.85	36	38	38	2	33	38	11255183	8439181	8409127	11237043	23098	39388813
96	39363342	2	38	1370111613	34.81	36	38	38	2	33	38	11241453	8454216	8409980	11236445	21248	39388813
97	39363309	2	38	1368200176	34.76	35	38	38	3	31	38	11249863	8450158	8399726	11235775	27787	39388813
98	39363291	2	38	1364273379	34.66	35	38	38	3	31	38	11264561	8438072	8410203	11220393	30062	39388813
99	39363275	2	38	1364893393	34.67	35	38	38	3	31	38	11226303	8456371	8413073	11242157	25371	39388813
100	39363256	2	38	1363760937	34.65	35	38	38	3	31	38	11241347	8454939	8403746	11233663	29561	39388813
101	39363246	2	38	1362476004	34.61	35	38	38	3	31	38	11246245	8441662	8414148	11233181	28010	39388813
102	39363236	2	38	1360298084	34.56	35	38	38	3	31	38	11239229	8454569	8410434	11232192	26812	39388813
103	39363221	2	38	1356776399	34.47	35	38	38	3	31	38	11255060	8448470	8424579	11214171	20941	39388813
104	39363205	2	38	1357460385	34.49	35	38	38	3	31	38	11254023	8442275	8414883	11226759	25265	39388813
105	39363197	2	38	1356224231	34.45	35	38	38	3	31	38	11237478	8461174	8400438	11237473	26634	39388813
106	39363186	2	38	1354314613	34.41	35	38	38	3	31	38	11243355	8449638	8400904	11240281	29008	39388813
107	39363173	2	38	1352957847	34.37	35	38	38	3	31	38	11253378	8444567	8411663	11227124	26441	39388813
108	39363165	2	38	1349161611	34.27	34	38	38	4	28	38	11233761	8465945	8416558	11223626	23275	39388813
109	39363161	2	38	1348015535	34.25	34	38	38	4	28	38	11247874	8449450	8401302	11238523	26012	39388813
110	39363149	2	38	1346369622	34.20	34	38	38	4	28	38	11249894	8438448	8414237	11240256	20314	39388813
111	39363149	2	38	1345103952	34.17	34	38	38	4	28	38	11229100	8461143	8416891	11229338	26677	39388813
112	39363149	2	38	1343540353	34.13	34	38	38	4	28	38	11230851	8461095	8408138	11236763	26302	39388813
113	39363149	2	38	1338426571	34.00	34	38	38	4	28	38	11245866	8449835	8416209	11225529	25710	39388813
114	39363149	2	38	1335516771	33.93	34	38	38	4	28	38	11226190	8458754	8411287	11240950	25968	39388813
115	39363149	2	38	1332820913	33.86	34	38	38	4	28	38	11239706	8455581	8410168	11229441	28253	39388813
116	39363149	2	38	1331745832	33.83	34	38	38	4	28	38	11251536	8444486	8408042	11233576	25509	39388813
117	39363149	2	38	1329696744	33.78	34	38	38	4	28	38	11227901	8465507	8405981	11240814	22946	39388813
118	39363149	2	38	1326579719	33.70	34	38	38	4	28	38	11240442	8454986	8405017	11234966	27738	39388813
119	39363149	2	38	1324375278	33.65	34	38	38	4	28	38	11239120	8444281	8419915	11232853	26980	39388813
120	39363149	2	38	1320259536	33.54	33	38	38	5	26	38	11223185	8475801	8401189	11233728	29246	39388813
121	39363149	2	38	1316679253	33.45	33	38	38	5	26	38	11248786	8456262	8392711	11236129	29261	39388813
122	39363149	2	38	1313787250	33.38	33	38	38	5	26	38	11246246	8439288	8418484	11233604	25527	39388813
123	39363149	2	38	1310737461	33.30	33	38	38	5	26	38	11224126	8472425	8405770	11233006	27822	39388813
124	39363149	2	38	1307959590	33.23	33	38	38	5	26	38	11227136	8465091	8404841	11237659	28422	39388813
125	39363149	2	38	1305195344	33.16	33	38	38	5	26	38	11237880	8445945	8410039	11239562	29723	39388813
126	39363149	2	38	1143359364	29.05	21	33	38	17	2	38	11089686	8508202	8493670	11242857	28734	39388813
