column	count	min	max	sum	mean	Q1	med	Q3	IQR	lW	rW	A_Count	C_Count	G_Count	T_Count	N_Count	Max_count
1	31896114	2	34	1046233164	32.80	33	34	34	1	32	34	9575956	6972723	5880303	9445209	21923	31896114
2	31896093	2	34	1050585670	32.94	33	34	34	1	32	34	9670909	6476891	6580727	9165608	1958	31896114
3	31896075	2	34	1051810001	32.98	33	34	34	1	32	34	9395409	6769461	6631531	9099625	49	31896114
4	31896067	2	34	1051970141	32.98	33	34	34	1	32	34	9064189	6805282	6673667	9352899	30	31896114
5	31896061	2	34	1052935314	33.01	33	34	34	1	32	34	9129652	6531048	6866752	9368395	214	31896114
6	31896054	2	38	1168070172	36.62	37	38	38	1	36	38	9234708	6771684	6855495	9034109	58	31896114
7	31896040	2	38	1176315056	36.88	38	38	38	0	38	38	9189913	6545699	6949997	9209958	473	31896114
8	31896025	2	38	1180862057	37.02	38	38	38	0	38	38	9269643	6702338	6760548	9163395	101	31896114
9	31896005	14	38	1182385937	37.07	38	38	38	0	38	38	9149238	6766387	6665799	9314581	0	31896114
10	31895981	14	38	1183064864	37.09	38	38	38	0	38	38	9216865	6759948	6723805	9195363	0	31896114
11	31895930	14	38	1183289613	37.10	38	38	38	0	38	38	9190110	6780777	6690071	9234972	0	31896114
12	31895870	14	38	1183143328	37.09	38	38	38	0	38	38	9203655	6782275	6672710	9237230	0	31896114
13	31895812	2	38	1183108423	37.09	38	38	38	0	38	38	9248972	6736426	6669186	9240841	387	31896114
14	31895728	14	38	1182998273	37.09	38	38	38	0	38	38	9254455	6708277	6669207	9263789	0	31896114
15	31895648	14	38	1182696204	37.08	38	38	38	0	38	38	9215840	6771272	6667655	9240881	0	31896114
16	31895548	14	38	1182510480	37.07	38	38	38	0	38	38	9213662	6731205	6686669	9264012	0	31896114
17	31895436	14	38	1182623253	37.08	38	38	38	0	38	38	9199561	6745155	6687733	9262987	0	31896114
18	31895329	2	38	1182318358	37.07	38	38	38	0	38	38	9172668	6799944	6689064	9233631	22	31896114
19	31895204	14	38	1182342434	37.07	38	38	38	0	38	38	9174316	6763136	6712158	9245594	0	31896114
20	31895106	14	38	1182060609	37.06	38	38	38	0	38	38	9160835	6784427	6735551	9214293	0	31896114
21	31894990	14	38	1181848158	37.05	38	38	38	0	38	38	9136985	6815854	6717671	9224480	0	31896114
22	31894844	14	38	1181626603	37.05	38	38	38	0	38	38	9137488	6806412	6732768	9218176	0	31896114
23	31894728	2	38	1181026631	37.03	38	38	38	0	38	38	9127417	6816305	6748689	9202316	1	31896114
24	31894596	2	38	1180172006	37.00	38	38	38	0	38	38	9120632	6838811	6753036	9181620	497	31896114
25	31894469	2	38	1179550958	36.98	38	38	38	0	38	38	9123497	6823490	6776075	9170011	1396	31896114
26	31894319	2	38	1179086054	36.97	38	38	38	0	38	38	9131311	6808272	6779587	9172780	2369	31896114
27	31894174	14	38	1178741374	36.96	38	38	38	0	38	38	9091234	6847727	6789284	9165929	0	31896114
28	31894026	14	38	1178599389	36.95	38	38	38	0	38	38	9099314	6847987	6792779	9153946	0	31896114
29	31893880	14	38	1178161071	36.94	38	38	38	0	38	38	9105834	6830341	6799665	9158040	0	31896114
30	31893724	14	38	1177710028	36.93	38	38	38	0	38	38	9085010	6857607	6811607	9139500	0	31896114
31	31893555	2	38	1177088183	36.91	38	38	38	0	38	38	9094752	6848629	6804281	9145851	42	31896114
32	31893386	2	38	1176957347	36.90	38	38	38	0	38	38	9105948	6841390	6801507	9144510	31	31896114
33	31893227	14	38	1176814955	36.90	38	38	38	0	38	38	9090867	6863503	6806132	9132725	0	31896114
34	31893053	14	38	1176607879	36.89	38	38	38	0	38	38	9103199	6842572	6818993	9128289	0	31896114
35	31892873	14	38	1176093997	36.88	38	38	38	0	38	38	9105144	6852449	6817908	9117372	0	31896114
36	31892726	14	38	1175764336	36.87	38	38	38	0	38	38	9090245	6865997	6811116	9125368	0	31896114
37	31892576	14	38	1174734542	36.83	38	38	38	0	38	38	9101769	6846525	6824182	9120100	0	31896114
38	31892390	14	38	1173526272	36.80	38	38	38	0	38	38	9104527	6840090	6840558	9107215	0	31896114
39	31892228	14	38	1172545799	36.77	38	38	38	0	38	38	9074407	6866854	6838575	9112392	0	31896114
40	31892026	14	38	1171169236	36.72	38	38	38	0	38	38	9083861	6863012	6836856	9108297	0	31896114
41	31891866	14	38	1170630129	36.71	38	38	38	0	38	38	9095069	6854346	6832285	9110166	0	31896114
42	31891659	14	38	1169984764	36.69	38	38	38	0	38	38	9079539	6871374	6832719	9108027	0	31896114
43	31891488	14	38	1169341171	36.67	38	38	38	0	38	38	9086320	6866074	6830918	9108176	0	31896114
44	31891297	14	38	1168721711	36.65	38	38	38	0	38	38	9088317	6857709	6831503	9113768	0	31896114
45	31891103	14	38	1168095024	36.63	38	38	38	0	38	38	9075728	6876622	6833577	9105176	0	31896114
46	31890885	14	38	1167459190	36.61	38	38	38	0	38	38	9085534	6861657	6836316	9107378	0	31896114
47	31890697	14	38	1166909858	36.59	38	38	38	0	38	38	9084007	6856802	6842861	9107027	0	31896114
48	31890503	14	38	1166283676	36.57	38	38	38	0	38	38	9065896	6884471	6835561	9104575	0	31896114
49	31890292	14	38	1165303241	36.54	38	38	38	0	38	38	9078552	6868361	6844754	9098625	0	31896114
50	31890090	14	38	1165015404	36.53	38	38	38	0	38	38	9085688	6857202	6847595	9099605	0	31896114
51	31889896	2	38	1164388983	36.51	38	38	38	0	38	38	9066704	6872188	6844142	9101589	5273	31896114
52	31889656	2	38	1163078757	36.47	38	38	38	0	38	38	9059908	6867712	6842181	9098589	21266	31896114
53	31889460	14	38	1162892449	36.47	38	38	38	0	38	38	9082878	6848409	6849961	9108212	0	31896114
54	31889250	14	38	1162702021	36.46	38	38	38	0	38	38	9056378	6875809	6845451	9111612	0	31896114
55	31889037	14	38	1161816660	36.43	38	38	38	0	38	38	9077247	6862759	6847417	9101614	0	31896114
56	31888804	2	38	1161356167	36.42	38	38	38	0	38	38	9081154	6859969	6850414	9097255	12	31896114
57	31888586	14	38	1160819762	36.40	38	38	38	0	38	38	9063951	6878037	6845251	9101347	0	31896114
58	31888328	14	38	1160487104	36.39	38	38	38	0	38	38	9073984	6863932	6856220	9094192	0	31896114
59	31888063	14	38	1159647071	36.37	38	38	38	0	38	38	9077815	6861530	6853260	9095458	0	31896114
60	31887814	2	38	1156814581	36.28	38	38	38	0	38	38	9036348	6869436	6839320	9080310	62400	31896114
61	31887568	2	38	1154672380	36.21	37	38	38	1	36	38	9042935	6850883	6831153	9074073	88524	31896114
62	31887303	2	38	1156177266	36.26	37	38	38	1	36	38	9062535	6862839	6845756	9102203	13970	31896114
63	31887056	2	38	1155768189	36.25	37	38	38	1	36	38	9053425	6880397	6837708	9100472	15054	31896114
64	31886797	2	38	1153737977	36.18	37	38	38	1	36	38	9054579	6860923	6833936	9083341	54018	31896114
65	31886508	2	38	1153417595	36.17	37	38	38	1	36	38	9053241	6851676	6840694	9079725	61172	31896114
66	31886214	14	38	1154656510	36.21	37	38	38	1	36	38	9063089	6877639	6846710	9098776	0	31896114
67	31885882	14	38	1154547791	36.21	37	38	38	1	36	38	9067167	6867171	6853260	9098284	0	31896114
68	31885567	14	38	1154008355	36.19	37	38	38	1	36	38	9068582	6864299	6854404	9098282	0	31896114
69	31885249	14	38	1153496127	36.18	37	38	38	1	36	38	9049486	6886434	6846601	9102728	0	31896114
70	31884925	2	38	1152567733	36.15	37	38	38	1	36	38	9063480	6867414	6859503	9094480	48	31896114
71	31884628	2	38	1152220264	36.14	37	38	38	1	36	38	9066505	6864184	6856355	9097301	283	31896114
72	31884278	13	38	1151597122	36.12	37	38	38	1	36	38	9046001	6882512	6853526	9102239	0	31896114
73	31883948	2	38	1148744957	36.03	37	38	38	1	36	38	9053239	6860173	6837970	9088240	44326	31896114
74	31883576	2	38	1147374916	35.99	37	38	38	1	36	38	9052339	6845744	6844271	9081652	59570	31896114
75	31883193	2	38	1146716600	35.97	37	38	38	1	36	38	9039196	6868742	6831021	9082552	61682	31896114
76	31882831	2	38	1145624892	35.93	37	38	38	1	36	38	9051979	6852857	6830884	9082880	64231	31896114
77	31882454	2	38	1145584914	35.93	37	38	38	1	36	38	9064836	6851603	6854542	9094355	17118	31896114
78	31882072	2	38	1145725926	35.94	37	38	38	1	36	38	9053546	6878022	6845531	9102683	2290	31896114
79	31881670	2	38	1143706948	35.87	37	38	38	1	36	38	9056657	6856968	6853275	9088092	26678	31896114
80	31881258	2	38	1144128656	35.89	37	38	38	1	36	38	9065316	6874468	6847227	9094244	3	31896114
81	31880843	2	38	1143804776	35.88	37	38	38	1	36	38	9051597	6884524	6843967	9097984	2771	31896114
82	31880447	2	38	1142899417	35.85	37	38	38	1	36	38	9059360	6871077	6849121	9096856	4033	31896114
83	31880016	2	38	1142122098	35.83	37	38	38	1	36	38	9059203	6866574	6847131	9102970	4138	31896114
84	31879560	2	38	1141498179	35.81	37	38	38	1	36	38	9042255	6882697	6841741	9112617	250	31896114
85	31879117	13	38	1140365173	35.77	37	38	38	1	36	38	9062204	6869604	6839926	9107383	0	31896114
86	31878690	2	38	1139387019	35.74	37	38	38	1	36	38	9069520	6854338	6848991	9105658	183	31896114
87	31878254	2	38	1137641816	35.69	37	38	38	1	36	38	9050014	6876639	6852496	9099102	3	31896114
88	31877751	2	38	1136889783	35.66	37	38	38	1	36	38	9058581	6867417	6847195	9104067	491	31896114
89	31877236	2	38	1135907460	35.63	37	38	38	1	36	38	9059311	6863178	6848529	9105772	446	31896114
90	31876675	2	38	1134873860	35.60	36	38	38	2	33	38	9044633	6880943	6850285	9100666	148	31896114
91	31876197	13	38	1133394666	35.56	36	38	38	2	33	38	9049807	6862723	6856792	9106875	0	31896114
92	31875689	2	38	1132509652	35.53	36	38	38	2	33	38	9045643	6865211	6856047	9108731	57	31896114
93	31875223	2	38	1131792176	35.51	36	38	38	2	33	38	9044405	6881632	6843561	9105552	73	31896114
94	31874710	2	38	1130612585	35.47	36	38	38	2	33	38	9052219	6860850	6850299	9111200	142	31896114
95	31874231	2	38	1129783878	35.45	36	38	38	2	33	38	9054813	6858493	6848390	9112534	1	31896114
96	31873873	2	38	1128521710	35.41	36	38	38	2	33	38	9045027	6872469	6846296	9109717	364	31896114
97	31873833	13	38	1127358280	35.37	36	38	38	2	33	38	9062236	6860827	6842885	9107885	0	31896114
98	31873812	2	38	1126504890	35.34	36	38	38	2	33	38	9063767	6856944	6848251	9104672	178	31896114
99	31873779	2	38	1125112932	35.30	36	38	38	2	33	38	9043372	6880390	6846974	9103027	16	31896114
100	31873760	2	38	1123723195	35.26	36	38	38	2	33	38	9054468	6867066	6851917	9100306	3	31896114
101	31873739	2	38	1122464529	35.22	36	38	38	2	33	38	9059414	6863487	6847382	9103403	53	31896114
102	31873723	2	38	1120479584	35.15	36	38	38	2	33	38	9045652	6875154	6846019	9106431	467	31896114
103	31873700	2	38	1119165212	35.11	36	38	38	2	33	38	9053352	6865316	6849791	9105100	141	31896114
104	31873673	2	38	1118206811	35.08	36	38	38	2	33	38	9062954	6858441	6848077	9104190	11	31896114
105	31873651	2	38	1116973569	35.04	36	38	38	2	33	38	9043231	6882940	6838321	9109152	7	31896114
106	31873642	2	38	1115775353	35.01	35	38	38	3	31	38	9057875	6863279	6844904	9106120	1464	31896114
107	31873623	2	38	1113598551	34.94	35	38	38	3	31	38	9060817	6858747	6849489	9103322	1248	31896114
108	31873605	2	38	1110088887	34.83	35	38	38	3	31	38	9040567	6882364	6849945	9100287	442	31896114
109	31873583	2	38	1109502299	34.81	35	38	38	3	31	38	9053203	6864421	6842866	9112222	871	31896114
110	31873570	13	38	1108730006	34.79	35	38	38	3	31	38	9051516	6860833	6852346	9108875	0	31896114
111	31873570	2	38	1108013554	34.76	35	38	38	3	31	38	9043736	6876829	6847478	9105400	127	31896114
112	31873570	2	38	1106647255	34.72	35	38	38	3	31	38	9048125	6874569	6842883	9106903	1090	31896114
113	31873570	2	38	1105247849	34.68	35	38	38	3	31	38	9054696	6866848	6849003	9102931	92	31896114
114	31873570	2	38	1103890410	34.63	35	38	38	3	31	38	9043293	6877405	6839718	9112722	432	31896114
115	31873570	2	38	1102768896	34.60	35	38	38	3	31	38	9051470	6872341	6846252	9103392	115	31896114
116	31873570	13	38	1101509933	34.56	35	38	38	3	31	38	9051957	6865001	6840019	9116593	0	31896114
117	31873570	2	38	1099286682	34.49	35	38	38	3	31	38	9042560	6876454	6833971	9120476	109	31896114
118	31873570	2	38	1097148273	34.42	34	38	38	4	28	38	9053876	6866115	6840828	9112474	277	31896114
119	31873570	2	38	1094505633	34.34	34	38	38	4	28	38	9053521	6863090	6846489	9110407	63	31896114
120	31873570	2	38	1092495331	34.28	34	38	38	4	28	38	9038807	6884869	6834669	9114776	449	31896114
121	31873570	2	38	1090910777	34.23	34	38	38	4	28	38	9057711	6872800	6832862	9109228	969	31896114
122	31873570	13	38	1089426204	34.18	34	38	38	4	28	38	9053085	6866114	6841752	9112619	0	31896114
123	31873570	13	38	1088020871	34.14	34	38	38	4	28	38	9040524	6882547	6835239	9115260	0	31896114
124	31873570	13	38	1086557219	34.09	34	38	38	4	28	38	9045770	6869500	6835814	9122486	0	31896114
125	31873570	2	38	1084601516	34.03	34	38	38	4	28	38	9047519	6862191	6843248	9119305	1307	31896114
126	31873570	2	38	984641135	30.89	26	35	38	12	8	38	8979029	6885760	6846195	9162344	242	31896114
