column	count	min	max	sum	mean	Q1	med	Q3	IQR	lW	rW	A_Count	C_Count	G_Count	T_Count	N_Count	Max_count
1	47235	2	34	1549149	32.80	33	34	34	1	32	34	12839	11789	9936	12600	71	47235
2	47235	18	34	1556904	32.96	33	34	34	1	32	34	13055	10788	11023	12369	0	47235
3	47235	18	34	1558084	32.99	33	34	34	1	32	34	12060	11481	11523	12171	0	47235
4	47235	2	34	1557032	32.96	33	34	34	1	32	34	11944	11908	11080	12301	2	47235
5	47235	2	34	1557441	32.97	33	34	34	1	32	34	12237	10854	11673	12458	13	47235
6	47235	14	38	1725813	36.54	37	38	38	1	36	38	12184	10939	11871	12241	0	47235
7	47235	14	38	1735077	36.73	37	38	38	1	36	38	12541	10758	11725	12211	0	47235
8	47234	14	38	1740574	36.85	38	38	38	0	38	38	12321	11512	11305	12096	0	47235
9	47234	14	38	1742608	36.89	38	38	38	0	38	38	11780	11731	11480	12243	0	47235
10	47233	14	38	1743299	36.91	38	38	38	0	38	38	12243	11489	11381	12120	0	47235
11	47232	14	38	1742611	36.89	38	38	38	0	38	38	12082	11670	11331	12149	0	47235
12	47231	14	38	1739429	36.83	38	38	38	0	38	38	11974	11636	11016	12605	0	47235
13	47231	14	38	1741832	36.88	38	38	38	0	38	38	12238	11399	11111	12483	0	47235
14	47231	14	38	1741738	36.88	38	38	38	0	38	38	12190	11314	11322	12405	0	47235
15	47231	14	38	1742403	36.89	38	38	38	0	38	38	12617	11038	11110	12466	0	47235
16	47231	14	38	1742420	36.89	38	38	38	0	38	38	12621	11198	11400	12012	0	47235
17	47231	14	38	1742997	36.90	38	38	38	0	38	38	12705	11520	11042	11964	0	47235
18	47231	14	38	1744076	36.93	38	38	38	0	38	38	12044	11365	11758	12064	0	47235
19	47231	14	38	1745328	36.95	38	38	38	0	38	38	12092	11522	11803	11814	0	47235
20	47231	14	38	1745556	36.96	38	38	38	0	38	38	12181	11398	11433	12219	0	47235
21	47231	14	38	1745626	36.96	38	38	38	0	38	38	12071	11270	11368	12522	0	47235
22	47231	14	38	1743874	36.92	38	38	38	0	38	38	12182	11561	11333	12155	0	47235
23	47231	14	38	1744665	36.94	38	38	38	0	38	38	11901	11715	11377	12238	0	47235
24	47231	14	38	1743937	36.92	38	38	38	0	38	38	12105	11840	11181	12105	0	47235
25	47231	14	38	1742883	36.90	38	38	38	0	38	38	12464	11407	11292	12068	0	47235
26	47231	2	38	1742758	36.90	38	38	38	0	38	38	12521	11426	11252	12029	3	47235
27	47231	14	38	1742011	36.88	38	38	38	0	38	38	11995	11491	11556	12189	0	47235
28	47230	14	38	1739174	36.82	38	38	38	0	38	38	12056	11201	11455	12518	0	47235
29	47230	14	38	1738884	36.82	38	38	38	0	38	38	12133	11288	11554	12255	0	47235
30	47230	2	38	1737765	36.79	38	38	38	0	38	38	12343	10839	11715	12332	1	47235
31	47230	2	38	1738747	36.81	38	38	38	0	38	38	12037	11780	11270	12142	1	47235
32	47230	2	38	1739069	36.82	38	38	38	0	38	38	12464	11600	10940	12217	9	47235
33	47230	2	38	1739471	36.83	38	38	38	0	38	38	12357	11206	11359	12307	1	47235
34	47230	2	38	1738303	36.81	38	38	38	0	38	38	12233	11538	11566	11891	2	47235
35	47228	2	38	1738026	36.80	38	38	38	0	38	38	12051	11928	11209	12037	3	47235
36	47228	2	38	1737945	36.80	38	38	38	0	38	38	12307	11558	11149	12212	2	47235
37	47228	2	38	1735939	36.76	38	38	38	0	38	38	12444	11314	11171	12298	1	47235
38	47227	14	38	1735311	36.74	38	38	38	0	38	38	12241	11282	11649	12055	0	47235
39	47227	2	38	1731575	36.66	38	38	38	0	38	38	12172	11444	11522	12086	3	47235
40	47227	2	38	1729778	36.63	38	38	38	0	38	38	12164	11932	11160	11970	1	47235
41	47226	14	38	1729651	36.62	38	38	38	0	38	38	12368	11443	11109	12306	0	47235
42	47225	2	38	1729985	36.63	38	38	38	0	38	38	12198	11077	11703	12242	5	47235
43	47223	14	38	1729086	36.62	38	38	38	0	38	38	11980	11209	11912	12122	0	47235
44	47223	2	38	1723944	36.51	38	38	38	0	38	38	12290	11571	11472	11831	59	47235
45	47223	14	38	1724899	36.53	38	38	38	0	38	38	12422	11020	11316	12465	0	47235
46	47222	2	38	1725195	36.53	38	38	38	0	38	38	12529	11295	11341	12056	1	47235
47	47221	14	38	1719689	36.42	38	38	38	0	38	38	12278	11577	11362	12004	0	47235
48	47221	2	38	1719921	36.42	38	38	38	0	38	38	12208	11742	11316	11952	3	47235
49	47219	14	38	1719741	36.42	38	38	38	0	38	38	12140	11460	11362	12257	0	47235
50	47215	14	38	1719375	36.42	38	38	38	0	38	38	12136	11350	11393	12336	0	47235
51	47214	14	38	1717766	36.38	38	38	38	0	38	38	11910	11388	11322	12594	0	47235
52	47213	14	38	1716832	36.36	38	38	38	0	38	38	11894	11600	11119	12600	0	47235
53	47212	14	38	1711991	36.26	37	38	38	1	36	38	12174	11382	11411	12245	0	47235
54	47211	14	38	1712551	36.27	37	38	38	1	36	38	12027	11116	11496	12572	0	47235
55	47208	14	38	1710484	36.23	37	38	38	1	36	38	12407	10920	11404	12477	0	47235
56	47205	2	38	1709087	36.21	37	38	38	1	36	38	12314	11395	11457	12038	1	47235
57	47205	14	38	1706895	36.16	37	38	38	1	36	38	12269	11398	11409	12129	0	47235
58	47204	14	38	1704731	36.11	37	38	38	1	36	38	12102	11390	11780	11932	0	47235
59	47203	14	38	1706378	36.15	37	38	38	1	36	38	12138	11476	11558	12031	0	47235
60	47200	2	38	1702410	36.07	37	38	38	1	36	38	12164	11371	11166	12494	5	47235
61	47200	14	38	1700034	36.02	37	38	38	1	36	38	12152	11379	11372	12297	0	47235
62	47198	14	38	1697512	35.97	37	38	38	1	36	38	12063	11724	11400	12011	0	47235
63	47197	14	38	1696947	35.95	37	38	38	1	36	38	11971	11620	11202	12404	0	47235
64	47193	2	38	1699275	36.01	37	38	38	1	36	38	12443	11298	11050	12401	1	47235
65	47191	14	38	1696496	35.95	37	38	38	1	36	38	12448	11211	11248	12284	0	47235
66	47190	14	38	1694560	35.91	37	38	38	1	36	38	12366	11340	11552	11932	0	47235
67	47190	2	38	1692598	35.87	37	38	38	1	36	38	12330	11540	11425	11894	1	47235
68	47188	13	38	1693234	35.88	37	38	38	1	36	38	11905	11373	11806	12104	0	47235
69	47185	2	38	1690094	35.82	37	38	38	1	36	38	12205	11251	11494	12233	2	47235
70	47180	2	38	1685349	35.72	37	38	38	1	36	38	12375	11366	11415	12019	5	47235
71	47180	13	38	1681605	35.64	37	38	38	1	36	38	12098	12035	11250	11797	0	47235
72	47178	2	38	1681509	35.64	37	38	38	1	36	38	12000	11880	10894	12403	1	47235
73	47173	13	38	1678943	35.59	37	38	38	1	36	38	12261	11344	11139	12429	0	47235
74	47169	13	38	1676028	35.53	37	38	38	1	36	38	12220	11537	11311	12101	0	47235
75	47165	2	38	1670538	35.42	36	38	38	2	33	38	12063	11604	11188	12307	3	47235
76	47161	2	38	1667292	35.35	36	38	38	2	33	38	12031	11523	11213	12391	3	47235
77	47156	2	38	1666350	35.34	36	38	38	2	33	38	12530	11057	11423	12145	1	47235
78	47153	13	38	1663517	35.28	36	38	38	2	33	38	12222	11038	11669	12224	0	47235
79	47144	2	38	1657434	35.16	36	38	38	2	33	38	12132	11201	11875	11933	3	47235
80	47132	2	38	1649822	35.00	36	38	38	2	33	38	12245	11714	11361	11806	6	47235
81	47124	2	38	1650036	35.01	36	38	38	2	33	38	12148	11526	11509	11931	10	47235
82	47112	2	38	1648835	35.00	36	38	38	2	33	38	11978	11329	11460	12337	8	47235
83	47099	2	38	1647203	34.97	36	38	38	2	33	38	11817	11469	11617	12191	5	47235
84	47089	13	38	1642149	34.87	36	38	38	2	33	38	11843	11619	11265	12362	0	47235
85	47075	13	38	1637260	34.78	36	38	38	2	33	38	12365	11101	11133	12476	0	47235
86	47066	13	38	1639721	34.84	36	38	38	2	33	38	12241	11203	11603	12019	0	47235
87	47048	13	38	1639111	34.84	36	38	38	2	33	38	12522	11251	11109	12166	0	47235
88	47027	13	38	1634217	34.75	35	38	38	3	31	38	12537	11190	11182	12118	0	47235
89	47000	13	38	1627075	34.62	35	38	38	3	31	38	12447	11113	11624	11816	0	47235
90	46961	13	38	1625004	34.60	35	38	38	3	31	38	12268	11078	11737	11878	0	47235
91	46925	13	38	1623373	34.60	35	38	38	3	31	38	12189	11056	11701	11979	0	47235
92	46868	13	38	1620247	34.57	35	38	38	3	31	38	12325	11352	11293	11898	0	47235
93	46794	13	38	1613764	34.49	35	38	38	3	31	38	12015	11457	11156	12166	0	47235
94	46693	13	38	1607052	34.42	35	38	38	3	31	38	12156	11378	11077	12082	0	47235
95	46520	13	38	1600649	34.41	35	38	38	3	31	38	12025	11224	11187	12084	0	47235
96	46181	13	38	1589492	34.42	35	38	38	3	31	38	11758	11453	11036	11934	0	47235
97	45366	13	38	1559058	34.37	35	38	38	3	31	38	11950	10928	10481	12007	0	47235
98	44504	13	38	1524340	34.25	34	38	38	4	28	38	11643	10828	10549	11484	0	47235
99	43659	13	38	1493034	34.20	34	38	38	4	28	38	11136	10693	10525	11305	0	47235
100	42738	13	38	1455906	34.07	34	38	38	4	28	38	11204	10197	10080	11257	0	47235
101	41780	13	38	1423039	34.06	34	38	38	4	28	38	10921	9835	10190	10834	0	47235
102	40746	13	38	1383749	33.96	34	38	38	4	28	38	10586	9518	9958	10684	0	47235
103	39733	13	38	1344352	33.83	34	38	38	4	28	38	10088	9442	9490	10713	0	47235
104	38732	13	38	1308645	33.79	34	38	38	4	28	38	9983	9402	9337	10010	0	47235
105	37602	13	38	1264670	33.63	34	38	38	4	28	38	9925	8947	8918	9812	0	47235
106	36482	13	38	1223844	33.55	34	38	38	4	28	38	9573	8527	8856	9526	0	47235
107	35370	13	38	1182834	33.44	33	38	38	5	26	38	9201	8567	8554	9048	0	47235
108	34115	13	38	1139799	33.41	33	38	38	5	26	38	8590	8216	8301	9008	0	47235
109	32804	13	38	1093724	33.34	33	38	38	5	26	38	8527	7940	7749	8588	0	47235
110	31371	13	38	1042162	33.22	33	38	38	5	26	38	8357	7293	7504	8217	0	47235
111	29866	2	38	986586	33.03	32	38	38	6	23	38	7566	7413	7169	7717	1	47235
112	28144	13	38	929581	33.03	31	38	38	7	21	38	7580	6718	6255	7591	0	47235
113	26160	2	38	865489	33.08	33	38	38	5	26	38	6741	6084	6219	7115	1	47235
114	23806	2	38	784267	32.94	31	37	38	7	21	38	6113	5668	5887	6137	1	47235
115	20960	13	38	689672	32.90	31	37	38	7	21	38	5268	5022	5207	5463	0	47235
116	17286	13	38	565641	32.72	31	37	38	7	21	38	4461	4068	4009	4748	0	47235
117	12742	2	38	416342	32.67	31	37	38	7	21	38	3472	2750	2945	3574	1	47235
118	7210	13	38	236647	32.82	31	37	38	7	21	38	2052	1419	1745	1994	0	47235
119	1007	13	38	32383	32.16	31	36	38	7	21	38	276	276	212	243	0	47235
120	1007	13	38	32320	32.10	29	36	38	9	16	38	239	269	237	262	0	47235
121	1007	13	38	32536	32.31	29	36	38	9	16	38	281	253	206	267	0	47235
122	1007	13	38	32204	31.98	29	36	38	9	16	38	278	245	244	240	0	47235
123	1007	13	38	32277	32.05	31	36	38	7	21	38	275	234	246	252	0	47235
124	1007	13	38	31798	31.58	28	36	38	10	13	38	261	256	237	253	0	47235
125	1007	13	38	31840	31.62	28	35	38	10	13	38	245	256	236	270	0	47235
126	1007	13	38	28003	27.81	15	31	36	21	13	38	258	284	227	238	0	47235
