column	count	min	max	sum	mean	Q1	med	Q3	IQR	lW	rW	A_Count	C_Count	G_Count	T_Count	N_Count	Max_count
1	25421618	2	34	833838660	32.80	33	34	34	1	32	34	7641764	5530998	4718768	7512598	17490	25421618
2	25421603	2	34	837256334	32.93	33	34	34	1	32	34	7697210	5175600	5228835	7318432	1526	25421618
3	25421586	2	34	838206670	32.97	33	34	34	1	32	34	7485463	5391624	5282743	7261713	43	25421618
4	25421578	2	34	838373912	32.98	33	34	34	1	32	34	7224725	5417874	5315907	7463047	25	25421618
5	25421563	2	34	839127438	33.01	33	34	34	1	32	34	7278271	5201024	5475828	7466225	215	25421618
6	25421554	2	38	930926579	36.62	37	38	38	1	36	38	7366999	5389583	5470661	7194255	56	25421618
7	25421544	2	38	937474316	36.88	38	38	38	0	38	38	7330331	5215406	5533938	7341491	378	25421618
8	25421524	2	38	941107374	37.02	38	38	38	0	38	38	7391141	5336332	5391518	7302449	84	25421618
9	25421503	14	38	942364808	37.07	38	38	38	0	38	38	7297060	5393404	5312091	7418948	0	25421618
10	25421481	14	38	942893825	37.09	38	38	38	0	38	38	7345865	5385783	5356883	7332950	0	25421618
11	25421445	14	38	943061726	37.10	38	38	38	0	38	38	7332757	5399871	5324898	7363919	0	25421618
12	25421411	14	38	942977330	37.09	38	38	38	0	38	38	7343953	5393949	5319474	7364035	0	25421618
13	25421364	2	38	942933427	37.09	38	38	38	0	38	38	7376508	5363304	5311692	7369581	279	25421618
14	25421290	14	38	942857806	37.09	38	38	38	0	38	38	7382803	5343671	5315270	7379546	0	25421618
15	25421217	14	38	942592057	37.08	38	38	38	0	38	38	7344847	5392325	5312204	7371841	0	25421618
16	25421126	14	38	942460639	37.07	38	38	38	0	38	38	7350367	5357717	5331128	7381914	0	25421618
17	25421032	14	38	942576841	37.08	38	38	38	0	38	38	7333749	5375208	5330212	7381863	0	25421618
18	25420954	2	38	942326927	37.07	38	38	38	0	38	38	7307929	5415408	5334970	7362626	21	25421618
19	25420847	14	38	942366614	37.07	38	38	38	0	38	38	7315803	5385097	5351360	7368587	0	25421618
20	25420736	14	38	942144958	37.06	38	38	38	0	38	38	7301255	5403263	5366847	7349371	0	25421618
21	25420629	14	38	941977363	37.06	38	38	38	0	38	38	7284158	5429960	5358306	7348205	0	25421618
22	25420527	14	38	941803469	37.05	38	38	38	0	38	38	7288261	5419898	5364377	7347991	0	25421618
23	25420415	2	38	941324425	37.03	38	38	38	0	38	38	7285440	5424009	5377551	7333414	1	25421618
24	25420293	2	38	940667784	37.00	38	38	38	0	38	38	7274243	5440925	5384965	7319787	373	25421618
25	25420170	2	38	940139432	36.98	38	38	38	0	38	38	7274463	5433143	5400110	7311322	1132	25421618
26	25420047	2	38	939761155	36.97	38	38	38	0	38	38	7279224	5426440	5400565	7311997	1821	25421618
27	25419931	14	38	939507449	36.96	38	38	38	0	38	38	7251022	5449565	5412547	7306797	0	25421618
28	25419794	14	38	939417154	36.96	38	38	38	0	38	38	7260669	5447882	5412094	7299149	0	25421618
29	25419653	14	38	939019706	36.94	38	38	38	0	38	38	7263081	5440943	5415299	7300330	0	25421618
30	25419508	14	38	938694930	36.93	38	38	38	0	38	38	7243441	5459904	5427248	7288915	0	25421618
31	25419362	2	38	938197214	36.91	38	38	38	0	38	38	7247244	5456557	5423826	7291713	22	25421618
32	25419226	2	38	938071060	36.90	38	38	38	0	38	38	7257168	5453345	5420754	7287942	17	25421618
33	25419091	14	38	937962768	36.90	38	38	38	0	38	38	7252130	5466063	5420873	7280025	0	25421618
34	25418941	14	38	937806983	36.89	38	38	38	0	38	38	7252531	5453013	5433362	7280035	0	25421618
35	25418798	14	38	937400985	36.88	38	38	38	0	38	38	7257700	5461158	5430095	7269845	0	25421618
36	25418652	14	38	937136591	36.87	38	38	38	0	38	38	7250386	5464825	5426348	7277093	0	25421618
37	25418500	14	38	936266852	36.83	38	38	38	0	38	38	7250770	5454651	5441410	7271669	0	25421618
38	25418362	14	38	935341153	36.80	38	38	38	0	38	38	7259298	5451206	5449210	7258648	0	25421618
39	25418195	14	38	934576503	36.77	38	38	38	0	38	38	7235552	5473741	5444565	7264337	0	25421618
40	25418035	14	38	933466552	36.72	38	38	38	0	38	38	7243961	5469039	5445698	7259337	0	25421618
41	25417885	14	38	933082440	36.71	38	38	38	0	38	38	7256893	5458127	5440267	7262598	0	25421618
42	25417745	14	38	932533168	36.69	38	38	38	0	38	38	7236529	5477428	5445540	7258248	0	25421618
43	25417579	14	38	931997606	36.67	38	38	38	0	38	38	7248799	5465797	5443065	7259918	0	25421618
44	25417400	14	38	931531039	36.65	38	38	38	0	38	38	7255654	5461877	5440084	7259785	0	25421618
45	25417226	14	38	930959068	36.63	38	38	38	0	38	38	7236769	5469973	5447213	7263271	0	25421618
46	25417062	14	38	930517152	36.61	38	38	38	0	38	38	7247893	5465488	5447205	7256476	0	25421618
47	25416917	14	38	930081017	36.59	38	38	38	0	38	38	7246762	5462764	5449448	7257943	0	25421618
48	25416748	14	38	929621371	36.58	38	38	38	0	38	38	7233249	5486186	5443552	7253761	0	25421618
49	25416595	14	38	928786632	36.54	38	38	38	0	38	38	7243088	5466913	5453800	7252794	0	25421618
50	25416425	14	38	928536200	36.53	38	38	38	0	38	38	7248072	5460152	5456397	7251804	0	25421618
51	25416258	2	38	928097248	36.52	38	38	38	0	38	38	7224541	5478880	5452029	7256701	4107	25421618
52	25416055	2	38	927023827	36.47	38	38	38	0	38	38	7226032	5468332	5454655	7250084	16952	25421618
53	25415856	14	38	926885036	36.47	38	38	38	0	38	38	7245936	5462279	5452511	7255130	0	25421618
54	25415668	14	38	926742808	36.46	38	38	38	0	38	38	7231393	5474395	5450343	7259537	0	25421618
55	25415474	14	38	926082495	36.44	38	38	38	0	38	38	7236065	5465350	5457965	7256094	0	25421618
56	25415284	2	38	925649024	36.42	38	38	38	0	38	38	7238442	5461398	5461059	7254376	9	25421618
57	25415090	14	38	925257687	36.41	38	38	38	0	38	38	7222464	5481177	5457424	7254025	0	25421618
58	25414885	14	38	924982874	36.40	38	38	38	0	38	38	7234249	5470392	5462394	7247850	0	25421618
59	25414684	14	38	924316236	36.37	38	38	38	0	38	38	7240343	5465069	5458896	7250376	0	25421618
60	25414454	2	38	922040099	36.28	38	38	38	0	38	38	7207807	5476545	5445764	7234817	49521	25421618
61	25414258	2	38	920349745	36.21	37	38	38	1	36	38	7209651	5456915	5443908	7233078	70706	25421618
62	25414012	2	38	921580664	36.26	37	38	38	1	36	38	7224452	5469328	5451948	7257156	11128	25421618
63	25413751	2	38	921220440	36.25	37	38	38	1	36	38	7216237	5485301	5448685	7251566	11962	25421618
64	25413499	2	38	919635594	36.19	37	38	38	1	36	38	7217659	5466440	5446131	7240400	42869	25421618
65	25413237	2	38	919343385	36.18	37	38	38	1	36	38	7220246	5454796	5450237	7239188	48770	25421618
66	25412981	14	38	920341650	36.22	37	38	38	1	36	38	7223433	5478737	5455788	7255023	0	25421618
67	25412704	14	38	920270347	36.21	37	38	38	1	36	38	7233367	5472553	5463373	7243411	0	25421618
68	25412430	14	38	919844472	36.20	37	38	38	1	36	38	7230992	5470163	5461658	7249617	0	25421618
69	25412158	14	38	919397157	36.18	37	38	38	1	36	38	7217038	5485615	5456610	7252895	0	25421618
70	25411904	2	38	918714450	36.15	37	38	38	1	36	38	7230373	5469311	5463959	7248230	31	25421618
71	25411623	2	38	918441613	36.14	37	38	38	1	36	38	7234426	5464892	5461807	7250224	274	25421618
72	25411356	13	38	917982293	36.12	37	38	38	1	36	38	7219241	5486029	5457780	7248306	0	25421618
73	25411038	2	38	915685418	36.03	37	38	38	1	36	38	7222672	5464166	5451694	7237360	35146	25421618
74	25410768	2	38	914583340	35.99	37	38	38	1	36	38	7217749	5451438	5448462	7245754	47365	25421618
75	25410464	2	38	914010019	35.97	37	38	38	1	36	38	7205210	5473423	5443627	7239120	49084	25421618
76	25410138	2	38	913210519	35.94	37	38	38	1	36	38	7218899	5457883	5443460	7238772	51124	25421618
77	25409833	2	38	913155666	35.94	37	38	38	1	36	38	7229517	5454269	5462544	7249810	13693	25421618
78	25409495	2	38	913307887	35.94	37	38	38	1	36	38	7224641	5476039	5456483	7250563	1769	25421618
79	25409135	2	38	911628538	35.88	37	38	38	1	36	38	7220385	5458679	5463078	7245785	21208	25421618
80	25408792	2	38	911978903	35.89	37	38	38	1	36	38	7225357	5472361	5455840	7255232	2	25421618
81	25408439	2	38	911733306	35.88	37	38	38	1	36	38	7220904	5485756	5449926	7249630	2223	25421618
82	25408032	2	38	911022412	35.86	37	38	38	1	36	38	7226611	5469523	5460631	7248072	3195	25421618
83	25407639	2	38	910405668	35.83	37	38	38	1	36	38	7224670	5470820	5457601	7251235	3313	25421618
84	25407239	2	38	909902225	35.81	37	38	38	1	36	38	7213755	5481776	5453224	7258254	230	25421618
85	25406877	13	38	908981262	35.78	37	38	38	1	36	38	7230021	5466154	5451440	7259262	0	25421618
86	25406460	2	38	908204082	35.75	37	38	38	1	36	38	7230341	5465462	5457624	7252883	150	25421618
87	25406034	2	38	906840407	35.69	37	38	38	1	36	38	7221319	5478086	5458789	7247839	1	25421618
88	25405612	2	38	906175673	35.67	37	38	38	1	36	38	7226294	5473523	5456475	7248988	332	25421618
89	25405174	2	38	905434621	35.64	37	38	38	1	36	38	7230212	5463033	5457992	7253618	319	25421618
90	25404735	2	38	904604828	35.61	36	38	38	2	33	38	7214369	5481468	5460148	7248653	97	25421618
91	25404303	13	38	903516144	35.57	36	38	38	2	33	38	7220231	5467283	5458857	7257932	0	25421618
92	25403867	2	38	902752547	35.54	36	38	38	2	33	38	7214367	5470983	5459983	7258487	47	25421618
93	25403423	2	38	902093437	35.51	36	38	38	2	33	38	7217090	5480709	5451558	7253992	74	25421618
94	25403008	2	38	901223311	35.48	36	38	38	2	33	38	7223431	5467650	5456877	7254914	136	25421618
95	25402590	13	38	900541443	35.45	36	38	38	2	33	38	7224646	5465619	5455949	7256376	0	25421618
96	25402298	2	38	899554041	35.41	36	38	38	2	33	38	7216067	5472474	5453314	7260155	288	25421618
97	25402265	13	38	898665491	35.38	36	38	38	2	33	38	7222483	5469151	5455767	7254864	0	25421618
98	25402236	2	38	897949692	35.35	36	38	38	2	33	38	7228202	5464694	5448522	7260672	146	25421618
99	25402201	2	38	896867597	35.31	36	38	38	2	33	38	7211858	5478368	5452087	7259872	16	25421618
100	25402185	13	38	895828252	35.27	36	38	38	2	33	38	7222217	5469742	5452214	7258012	0	25421618
101	25402166	2	38	894850891	35.23	36	38	38	2	33	38	7221638	5466297	5458599	7255569	63	25421618
102	25402149	2	38	893248245	35.16	36	38	38	2	33	38	7216479	5474553	5453157	7257578	382	25421618
103	25402132	2	38	892221498	35.12	36	38	38	2	33	38	7220921	5469858	5455972	7255253	128	25421618
104	25402119	2	38	891482114	35.09	36	38	38	2	33	38	7225977	5463174	5455729	7257234	5	25421618
105	25402106	2	38	890417115	35.05	36	38	38	2	33	38	7214673	5475689	5449754	7261983	7	25421618
106	25402095	2	38	889520547	35.02	35	38	38	3	31	38	7222505	5466476	5452537	7259450	1127	25421618
107	25402079	2	38	887747570	34.95	35	38	38	3	31	38	7224192	5465944	5452040	7258884	1019	25421618
108	25402070	2	38	884964158	34.84	35	38	38	3	31	38	7209881	5483138	5456665	7251999	387	25421618
109	25402055	2	38	884547353	34.82	35	38	38	3	31	38	7222637	5466208	5449588	7262934	688	25421618
110	25402043	13	38	883908921	34.80	35	38	38	3	31	38	7220245	5466719	5457921	7257158	0	25421618
111	25402043	2	38	883344871	34.77	35	38	38	3	31	38	7206618	5481544	5454691	7259083	107	25421618
112	25402043	2	38	882242156	34.73	35	38	38	3	31	38	7213439	5476013	5452223	7259462	906	25421618
113	25402043	2	38	881176955	34.69	35	38	38	3	31	38	7222853	5467944	5455156	7256016	74	25421618
114	25402043	2	38	880047464	34.64	35	38	38	3	31	38	7208948	5477871	5452945	7261920	359	25421618
115	25402043	2	38	879180172	34.61	35	38	38	3	31	38	7217321	5474870	5452402	7257382	68	25421618
116	25402043	13	38	878095656	34.57	35	38	38	3	31	38	7223563	5469451	5445933	7263096	0	25421618
117	25402043	2	38	876425710	34.50	35	38	38	3	31	38	7210569	5478493	5449036	7263872	73	25421618
118	25402043	2	38	874757232	34.44	35	38	38	3	31	38	7221526	5464092	5447388	7268858	179	25421618
119	25402043	2	38	872598671	34.35	34	38	38	4	28	38	7213054	5469093	5455944	7263910	42	25421618
120	25402043	2	38	871049623	34.29	34	38	38	4	28	38	7207126	5486472	5439684	7268400	361	25421618
121	25402043	2	38	869742476	34.24	34	38	38	4	28	38	7220216	5474035	5445655	7261321	816	25421618
122	25402043	13	38	868573626	34.19	34	38	38	4	28	38	7221684	5467213	5451986	7261160	0	25421618
123	25402043	13	38	867507383	34.15	34	38	38	4	28	38	7208821	5481351	5449790	7262081	0	25421618
124	25402043	13	38	866313147	34.10	34	38	38	4	28	38	7218930	5471607	5446397	7265109	0	25421618
125	25402043	2	38	864704561	34.04	34	38	38	4	28	38	7219215	5466426	5446865	7268575	962	25421618
126	25402043	2	38	785166778	30.91	26	35	38	12	8	38	7155818	5483682	5455949	7306441	153	25421618
