column	count	min	max	sum	mean	Q1	med	Q3	IQR	lW	rW	A_Count	C_Count	G_Count	T_Count	N_Count	Max_count
1	7370	2	34	193459	26.25	27	27	28	1	26	29	5035	134	1903	198	100	7370
2	7370	2	34	180806	24.53	18	27	27	9	5	34	1773	210	293	4999	95	7370
3	7370	2	34	152008	20.63	18	18	25	7	8	34	458	4475	205	2138	94	7370
4	7370	2	34	131302	17.82	15	15	15	0	15	15	427	2067	4072	709	95	7370
5	7370	2	34	169997	23.07	15	27	27	12	2	34	371	383	6108	414	94	7370
6	7370	2	38	130320	17.68	14	14	16	2	11	19	2621	400	3784	473	92	7370
7	7370	2	38	175275	23.78	15	27	30	15	2	38	5804	366	613	495	92	7370
8	7370	2	38	133661	18.14	14	14	26	12	2	38	2153	312	4339	473	93	7370
9	7370	2	38	139823	18.97	14	16	26	12	2	38	4827	291	1733	425	94	7370
10	7370	2	38	144955	19.67	14	16	26	12	2	38	1737	299	4809	433	92	7370
11	7370	2	38	132509	17.98	15	16	16	1	14	17	592	3684	2592	410	92	7370
12	7370	2	38	149985	20.35	14	16	28	14	2	38	485	1326	4968	480	111	7370
13	7370	2	38	133241	18.08	14	14	25	11	2	38	495	414	4232	2189	40	7370
14	7370	2	38	137827	18.70	14	14	26	12	2	38	497	4644	870	1270	89	7370
15	7370	2	38	143835	19.52	14	15	27	13	2	38	511	1425	4871	477	86	7370
16	7370	2	38	131116	17.79	14	14	24	10	2	38	454	450	3557	2823	86	7370
17	7370	2	38	148993	20.22	14	16	27	13	2	38	480	415	5064	1319	92	7370
18	7370	2	38	139649	18.95	14	15	25	11	2	38	431	319	2586	3942	92	7370
19	7370	2	38	132880	18.03	14	16	16	2	11	19	4092	484	735	1968	91	7370
20	7370	2	38	142949	19.40	14	16	25	11	2	38	1600	330	4741	612	87	7370
21	7370	2	38	176926	24.01	16	27	28	12	2	38	442	260	6157	468	43	7370
22	7370	2	38	202888	27.53	16	29	36	20	2	38	443	271	6256	389	11	7370
23	7370	2	38	131458	17.84	14	14	16	2	11	19	1881	365	4662	423	39	7370
24	7370	2	38	155583	21.11	14	16	27	13	2	38	5771	331	832	390	46	7370
25	7370	2	38	189638	25.73	16	28	34	18	2	38	6107	328	493	409	33	7370
26	7370	2	38	132701	18.01	14	15	16	2	11	19	3057	320	3595	374	24	7370
27	7370	2	38	140814	19.11	15	16	25	10	2	38	4950	322	1588	432	78	7370
28	7370	2	38	139536	18.93	16	16	25	9	3	38	1765	365	4733	426	81	7370
29	7370	2	38	130690	17.73	15	16	16	1	14	17	765	383	3865	2271	86	7370
30	7370	2	38	141965	19.26	14	16	25	11	2	38	568	370	4968	1373	91	7370
31	7369	2	38	139893	18.98	14	16	25	11	2	38	479	434	2231	4138	87	7370
32	7369	2	38	132823	18.02	15	16	16	1	14	17	4057	348	742	2133	89	7370
33	7369	2	38	128811	17.48	14	16	16	2	11	19	2042	355	4060	826	86	7370
34	7369	2	38	134475	18.25	15	16	16	1	14	17	4718	432	1521	656	42	7370
35	7369	2	38	134356	18.23	16	16	16	0	16	16	2345	507	618	3874	25	7370
36	7368	2	38	137374	18.64	16	16	16	0	16	16	1060	2815	594	2876	23	7370
37	7368	2	38	153616	20.85	16	16	27	11	2	38	767	1201	497	4880	23	7370
38	7368	2	38	140664	19.09	16	16	25	9	3	38	616	3998	417	2307	30	7370
39	7368	2	38	137068	18.60	15	16	16	1	14	17	583	1944	3886	883	72	7370
40	7368	2	38	165735	22.49	15	25	28	13	2	38	573	608	5607	559	21	7370
41	7367	2	38	131737	17.88	14	15	24	10	2	38	572	477	3766	2463	89	7370
42	7367	2	38	143512	19.48	14	16	27	13	2	38	636	492	4899	1251	89	7370
43	7367	2	38	170685	23.17	14	24	28	14	2	38	517	418	5758	583	91	7370
44	7367	2	38	129135	17.53	14	14	16	2	11	19	518	470	4387	1905	87	7370
45	7367	2	38	124962	16.96	14	15	16	2	11	19	589	2757	2305	1626	90	7370
46	7367	2	38	140411	19.06	14	16	25	11	2	38	524	956	5136	662	89	7370
47	7367	2	38	123399	16.75	14	14	16	2	11	19	552	3345	2867	512	91	7370
48	7367	2	38	145153	19.70	14	16	25	11	2	38	586	5293	929	469	90	7370
49	7367	2	38	127501	17.31	14	14	16	2	11	19	551	1641	4705	379	91	7370
50	7367	2	38	123752	16.80	14	14	16	2	11	19	560	733	4498	1485	91	7370
51	7367	2	38	128549	17.45	14	14	16	2	11	19	3388	727	2069	1094	89	7370
52	7367	2	38	134828	18.30	14	14	24	10	2	38	1500	667	1108	4008	84	7370
53	7367	2	38	135678	18.42	14	15	25	11	2	38	740	4054	956	1526	91	7370
54	7367	2	38	135514	18.39	15	15	24	9	2	37	3633	2228	752	664	90	7370
55	7367	2	38	137323	18.64	15	15	24	9	2	37	1804	928	738	3808	89	7370
56	7367	2	38	164709	22.36	15	24	27	12	2	38	654	556	766	5299	92	7370
57	7367	2	38	131857	17.90	15	15	16	1	14	17	3463	555	655	2600	94	7370
58	7367	2	38	157823	21.42	15	16	27	12	2	38	5363	496	675	740	93	7370
59	7367	2	38	181287	24.61	15	26	34	19	2	38	5703	407	604	561	92	7370
60	7367	2	38	196885	26.73	16	28	36	20	2	38	5923	390	517	449	88	7370
61	7367	2	38	206335	28.01	16	31	38	22	2	38	5915	343	634	390	85	7370
62	7367	2	38	207679	28.19	16	33	38	22	2	38	5896	366	645	370	90	7370
63	7366	2	38	208257	28.27	16	34	38	22	2	38	6014	311	592	358	91	7370
64	7365	2	38	209123	28.39	16	34	38	22	2	38	6082	320	520	352	91	7370
65	7365	2	38	208810	28.35	16	34	38	22	2	38	6126	329	501	315	94	7370
66	7365	2	38	208964	28.37	16	34	38	22	2	38	6135	329	479	332	90	7370
67	7365	2	38	187606	25.47	15	26	35	20	2	38	5924	322	652	376	91	7370
68	7365	2	38	156341	21.23	14	16	26	12	2	38	5480	517	779	497	92	7370
69	7365	2	38	142209	19.31	14	15	25	11	2	38	5044	571	1051	607	92	7370
70	7365	2	38	137553	18.68	14	15	25	11	2	38	4732	640	1203	698	92	7370
71	7365	2	38	133412	18.11	14	15	24	10	2	38	4329	676	1503	765	92	7370
72	7365	2	38	133831	18.17	14	15	24	10	2	38	4249	716	1458	858	84	7370
73	7365	2	38	131310	17.83	14	15	24	10	2	38	3918	725	1790	844	88	7370
74	7365	2	38	130623	17.74	14	14	24	10	2	38	3832	770	1784	890	89	7370
75	7364	2	38	129937	17.64	14	14	23	9	2	36	3860	763	1662	988	91	7370
76	7364	2	38	130490	17.72	14	14	24	10	2	38	3556	889	1842	988	89	7370
77	7364	2	38	129573	17.60	14	14	22	8	2	34	3482	929	1808	1053	92	7370
78	7364	2	38	129040	17.52	14	14	22	8	2	34	3294	1063	1758	1158	91	7370
79	7364	2	38	129137	17.54	14	14	22	8	2	34	3044	1098	2048	1084	90	7370
80	7364	2	38	126879	17.23	13	14	21	8	2	33	2904	1092	2171	1105	92	7370
81	7364	2	38	127201	17.27	13	14	21	8	2	33	2886	1058	2165	1168	87	7370
82	7364	2	38	126613	17.19	13	14	21	8	2	33	2536	1095	2490	1152	91	7370
83	7364	2	38	124105	16.85	13	14	16	3	9	20	2508	1047	2630	1088	91	7370
84	7364	2	38	123942	16.83	13	14	21	8	2	33	2489	1054	2517	1213	91	7370
85	7364	2	38	124399	16.89	13	14	21	8	2	33	2326	1163	2608	1177	90	7370
86	7364	2	38	125010	16.98	13	14	21	8	2	33	2141	1109	2866	1158	90	7370
87	7364	2	38	123654	16.79	13	14	21	8	2	33	2155	1199	2736	1184	90	7370
88	7364	2	38	123715	16.80	13	14	21	8	2	33	2096	1390	2623	1164	91	7370
89	7364	2	38	123438	16.76	13	14	21	8	2	33	1992	1342	2848	1092	90	7370
90	7364	2	38	123762	16.81	13	14	21	8	2	33	1960	1298	2808	1206	92	7370
91	7364	2	38	123294	16.74	13	14	21	8	2	33	2092	1377	2635	1168	92	7370
92	7364	2	38	122809	16.68	13	14	21	8	2	33	2062	1303	2647	1260	92	7370
93	7364	2	38	123564	16.78	13	14	21	8	2	33	1891	1499	2585	1300	89	7370
94	7364	2	38	122216	16.60	13	14	21	8	2	33	2231	1431	2442	1172	88	7370
95	7364	2	38	123065	16.71	13	14	21	8	2	33	2228	1380	2344	1323	89	7370
96	7364	2	38	123573	16.78	13	14	21	8	2	33	2187	1326	2301	1461	89	7370
97	7364	2	38	122973	16.70	13	14	21	8	2	33	2310	1385	2236	1341	92	7370
98	7364	2	38	123507	16.77	13	14	21	8	2	33	2458	1333	2172	1309	92	7370
99	7364	2	38	123160	16.72	13	14	21	8	2	33	2538	1305	2020	1409	92	7370
100	7364	2	38	122621	16.65	13	14	21	8	2	33	2810	1258	1880	1324	92	7370
101	7364	2	38	122938	16.69	13	14	21	8	2	33	2922	1227	1859	1264	92	7370
102	7364	2	38	123967	16.83	13	14	21	8	2	33	2991	1241	1836	1204	92	7370
103	7364	2	38	123491	16.77	13	14	21	8	2	33	3193	1219	1770	1093	89	7370
104	7364	2	38	122713	16.66	13	14	21	8	2	33	3214	1277	1705	1076	92	7370
105	7364	2	38	123240	16.74	13	14	21	8	2	33	3354	1179	1682	1057	92	7370
106	7364	2	38	122351	16.61	13	14	21	8	2	33	3507	1189	1564	1011	93	7370
107	7364	2	38	122433	16.63	13	14	21	8	2	33	3440	1182	1598	1051	93	7370
108	7364	2	38	121696	16.53	13	14	21	8	2	33	3416	1201	1584	1073	90	7370
109	7364	2	38	121629	16.52	13	14	21	8	2	33	3393	1224	1640	1016	91	7370
110	7364	2	38	121536	16.50	13	14	21	8	2	33	3256	1280	1656	1081	91	7370
111	7364	2	38	121899	16.55	13	14	21	8	2	33	3070	1287	1750	1165	92	7370
112	7364	2	38	120597	16.38	13	14	15	2	10	18	3172	1305	1719	1075	93	7370
113	7364	2	38	121475	16.50	13	14	21	8	2	33	3013	1336	1762	1162	91	7370
114	7364	2	38	121584	16.51	13	14	21	8	2	33	3069	1323	1777	1101	94	7370
115	7364	2	38	121491	16.50	13	14	21	8	2	33	3003	1307	1798	1163	93	7370
116	7364	2	38	121352	16.48	13	14	21	8	2	33	3043	1351	1750	1128	92	7370
117	7364	2	38	121169	16.45	13	14	21	8	2	33	2893	1439	1725	1215	92	7370
118	7364	2	38	120180	16.32	13	14	15	2	10	18	2964	1371	1811	1125	93	7370
119	7364	2	38	120270	16.33	13	14	15	2	10	18	2945	1418	1772	1136	93	7370
120	7364	2	38	119718	16.26	13	14	15	2	10	18	2859	1401	1848	1163	93	7370
121	7364	2	38	120173	16.32	13	14	15	2	10	18	2838	1345	1891	1198	92	7370
122	7364	2	38	119665	16.25	13	14	15	2	10	18	2909	1380	1828	1155	92	7370
123	7364	2	38	119526	16.23	13	14	15	2	10	18	2826	1367	1869	1210	92	7370
124	7364	2	38	119490	16.23	13	14	15	2	10	18	2817	1450	1795	1210	92	7370
125	7364	2	38	119643	16.25	13	14	15	2	10	18	2835	1411	1875	1154	89	7370
126	7364	2	38	116494	15.82	13	14	15	2	10	18	3173	1274	1834	991	92	7370
