column	count	min	max	sum	mean	Q1	med	Q3	IQR	lW	rW	A_Count	C_Count	G_Count	T_Count	N_Count	Max_count
1	49786	2	34	1626553	32.67	33	33	34	1	32	34	13447	12051	10549	13698	41	49786
2	49768	2	34	1634540	32.84	33	34	34	1	32	34	13653	11361	11982	12768	4	49786
3	49756	18	34	1636827	32.90	33	34	34	1	32	34	12740	12194	12058	12764	0	49786
4	49756	15	34	1637275	32.91	33	34	34	1	32	34	12548	12593	11698	12917	0	49786
5	49756	2	34	1640629	32.97	33	34	34	1	32	34	13050	11450	12024	13229	3	49786
6	49756	14	38	1814580	36.47	37	38	38	1	36	38	12727	11472	12553	13004	0	49786
7	49756	14	38	1825554	36.69	37	38	38	1	36	38	12872	11472	12625	12787	0	49786
8	49755	14	38	1833213	36.84	38	38	38	0	38	38	13078	12356	11840	12481	0	49786
9	49755	14	38	1836262	36.91	38	38	38	0	38	38	12696	12181	11781	13097	0	49786
10	49753	14	38	1834712	36.88	38	38	38	0	38	38	12990	12074	12051	12638	0	49786
11	49752	14	38	1835691	36.90	38	38	38	0	38	38	12583	12117	12255	12797	0	49786
12	49752	14	38	1835092	36.88	38	38	38	0	38	38	12748	12410	11469	13125	0	49786
13	49752	2	38	1834176	36.87	38	38	38	0	38	38	13022	11948	11688	13093	1	49786
14	49752	14	38	1834512	36.87	38	38	38	0	38	38	13301	11525	11976	12950	0	49786
15	49752	14	38	1834494	36.87	38	38	38	0	38	38	13039	11851	11899	12963	0	49786
16	49752	14	38	1836770	36.92	38	38	38	0	38	38	13118	11951	11894	12789	0	49786
17	49752	14	38	1835792	36.90	38	38	38	0	38	38	13199	12140	11874	12539	0	49786
18	49752	14	38	1837760	36.94	38	38	38	0	38	38	12984	11706	12385	12677	0	49786
19	49752	14	38	1837946	36.94	38	38	38	0	38	38	12756	11885	12442	12669	0	49786
20	49752	14	38	1837635	36.94	38	38	38	0	38	38	12679	12228	11998	12847	0	49786
21	49752	14	38	1838549	36.95	38	38	38	0	38	38	12731	12086	11879	13056	0	49786
22	49752	14	38	1839542	36.97	38	38	38	0	38	38	12775	11970	12038	12969	0	49786
23	49752	14	38	1838844	36.96	38	38	38	0	38	38	12584	12267	12127	12774	0	49786
24	49752	2	38	1836900	36.92	38	38	38	0	38	38	12893	12451	11613	12794	1	49786
25	49752	2	38	1837484	36.93	38	38	38	0	38	38	13163	11897	11792	12898	2	49786
26	49751	2	38	1835112	36.89	38	38	38	0	38	38	13179	11938	11982	12649	3	49786
27	49751	14	38	1835214	36.89	38	38	38	0	38	38	12792	12024	12185	12750	0	49786
28	49751	14	38	1833564	36.85	38	38	38	0	38	38	12794	12119	11865	12973	0	49786
29	49749	14	38	1831637	36.82	38	38	38	0	38	38	12872	12012	12019	12846	0	49786
30	49748	14	38	1833009	36.85	38	38	38	0	38	38	13015	11628	12356	12749	0	49786
31	49748	14	38	1831974	36.83	38	38	38	0	38	38	12577	12531	12015	12625	0	49786
32	49747	14	38	1831363	36.81	38	38	38	0	38	38	13062	12085	11574	13026	0	49786
33	49746	14	38	1832413	36.84	38	38	38	0	38	38	12917	11809	11944	13076	0	49786
34	49746	14	38	1830178	36.79	38	38	38	0	38	38	12879	12012	12455	12400	0	49786
35	49746	14	38	1827691	36.74	38	38	38	0	38	38	12947	12611	11828	12360	0	49786
36	49746	14	38	1827996	36.75	38	38	38	0	38	38	12729	12143	11922	12952	0	49786
37	49746	14	38	1828197	36.75	38	38	38	0	38	38	13046	11859	11904	12937	0	49786
38	49746	14	38	1824456	36.68	38	38	38	0	38	38	13062	11756	12278	12650	0	49786
39	49744	14	38	1822299	36.63	38	38	38	0	38	38	12702	12245	12425	12372	0	49786
40	49744	14	38	1818975	36.57	38	38	38	0	38	38	12707	12718	11599	12720	0	49786
41	49743	14	38	1821247	36.61	38	38	38	0	38	38	13101	11823	11760	13059	0	49786
42	49742	14	38	1822155	36.63	38	38	38	0	38	38	13017	11549	12582	12594	0	49786
43	49741	14	38	1819744	36.58	38	38	38	0	38	38	12633	11816	12509	12783	0	49786
44	49741	14	38	1817094	36.53	38	38	38	0	38	38	12688	12415	12167	12471	0	49786
45	49740	14	38	1816239	36.51	38	38	38	0	38	38	12925	12086	11839	12890	0	49786
46	49739	14	38	1816007	36.51	38	38	38	0	38	38	12969	11898	12135	12737	0	49786
47	49737	14	38	1815124	36.49	38	38	38	0	38	38	12830	11996	12273	12638	0	49786
48	49735	14	38	1813012	36.45	38	38	38	0	38	38	12521	12660	11889	12665	0	49786
49	49735	14	38	1811221	36.42	38	38	38	0	38	38	12784	12270	11703	12978	0	49786
50	49733	14	38	1808600	36.37	38	38	38	0	38	38	13021	11811	11966	12935	0	49786
51	49731	2	38	1810747	36.41	38	38	38	0	38	38	12672	11789	12092	13170	8	49786
52	49728	2	38	1808152	36.36	38	38	38	0	38	38	12307	12511	11775	13129	6	49786
53	49725	14	38	1803749	36.27	37	38	38	1	36	38	13008	11965	11998	12754	0	49786
54	49724	14	38	1804714	36.29	37	38	38	1	36	38	12603	11474	12580	13067	0	49786
55	49722	14	38	1802694	36.26	37	38	38	1	36	38	12837	11644	12273	12968	0	49786
56	49720	14	38	1800832	36.22	37	38	38	1	36	38	13038	11914	12006	12762	0	49786
57	49719	14	38	1798780	36.18	37	38	38	1	36	38	12880	12205	11949	12685	0	49786
58	49717	14	38	1797343	36.15	37	38	38	1	36	38	12876	11913	12412	12516	0	49786
59	49716	14	38	1796259	36.13	37	38	38	1	36	38	12691	12043	12343	12639	0	49786
60	49716	2	38	1791678	36.04	37	38	38	1	36	38	12854	12195	11630	12965	72	49786
61	49710	2	38	1787326	35.96	37	38	38	1	36	38	12887	11955	11760	12997	111	49786
62	49709	2	38	1786557	35.94	37	38	38	1	36	38	12836	12309	11820	12741	3	49786
63	49708	2	38	1787700	35.96	37	38	38	1	36	38	12823	12151	11903	12829	2	49786
64	49704	2	38	1783929	35.89	37	38	38	1	36	38	13160	12012	11838	12641	53	49786
65	49703	2	38	1782477	35.86	37	38	38	1	36	38	13132	11811	11989	12714	57	49786
66	49701	14	38	1782620	35.87	37	38	38	1	36	38	12914	11762	12370	12655	0	49786
67	49697	14	38	1781139	35.84	37	38	38	1	36	38	12841	12050	12323	12483	0	49786
68	49693	14	38	1780973	35.84	37	38	38	1	36	38	12525	12126	12306	12736	0	49786
69	49690	14	38	1780589	35.83	37	38	38	1	36	38	12825	11878	12009	12978	0	49786
70	49687	14	38	1774961	35.72	37	38	38	1	36	38	12990	11881	12247	12569	0	49786
71	49684	14	38	1770673	35.64	37	38	38	1	36	38	12703	12701	11863	12417	0	49786
72	49679	14	38	1769643	35.62	37	38	38	1	36	38	12519	12559	11646	12955	0	49786
73	49676	2	38	1767469	35.58	37	38	38	1	36	38	12812	11893	11834	13096	41	49786
74	49674	2	38	1763048	35.49	37	38	38	1	36	38	12935	11684	12167	12829	59	49786
75	49672	2	38	1754814	35.33	36	38	38	2	33	38	12697	12375	11887	12653	60	49786
76	49669	2	38	1749024	35.21	36	38	38	2	33	38	12721	12191	11780	12908	69	49786
77	49661	2	38	1752287	35.28	36	38	38	2	33	38	13259	11320	12299	12777	6	49786
78	49658	13	38	1750518	35.25	36	38	38	2	33	38	12881	11305	12574	12898	0	49786
79	49652	2	38	1742141	35.09	36	38	38	2	33	38	12597	11878	12467	12697	13	49786
80	49646	13	38	1738507	35.02	36	38	38	2	33	38	12608	12463	11889	12686	0	49786
81	49640	2	38	1737987	35.01	36	38	38	2	33	38	12844	11893	11895	13007	1	49786
82	49630	2	38	1738059	35.02	36	38	38	2	33	38	12897	11629	12455	12641	8	49786
83	49618	2	38	1733049	34.93	36	38	38	2	33	38	12584	12201	12193	12636	4	49786
84	49604	13	38	1731515	34.91	36	38	38	2	33	38	12528	12464	11814	12798	0	49786
85	49595	13	38	1725885	34.80	36	38	38	2	33	38	13065	11935	11737	12858	0	49786
86	49582	13	38	1727611	34.84	35	38	38	3	31	38	13089	11548	12259	12686	0	49786
87	49561	13	38	1726796	34.84	36	38	38	2	33	38	12926	12024	12045	12566	0	49786
88	49536	2	38	1722403	34.77	35	38	38	3	31	38	12956	11968	11774	12837	1	49786
89	49506	2	38	1715235	34.65	35	38	38	3	31	38	13127	11868	12164	12346	1	49786
90	49471	2	38	1712471	34.62	35	38	38	3	31	38	13086	11702	12256	12426	1	49786
91	49420	13	38	1709686	34.60	35	38	38	3	31	38	12857	11624	12250	12689	0	49786
92	49366	13	38	1710542	34.65	35	38	38	3	31	38	12749	12134	11778	12705	0	49786
93	49300	13	38	1703730	34.56	35	38	38	3	31	38	12842	12007	11823	12628	0	49786
94	49192	13	38	1694903	34.45	35	38	38	3	31	38	12892	11746	11992	12562	0	49786
95	49067	13	38	1688449	34.41	35	38	38	3	31	38	12708	11791	12040	12528	0	49786
96	48781	2	38	1680191	34.44	35	38	38	3	31	38	12406	11981	11699	12694	1	49786
97	48032	13	38	1651305	34.38	35	38	38	3	31	38	12532	11488	11309	12703	0	49786
98	47233	13	38	1619251	34.28	34	38	38	4	28	38	12378	11075	11453	12327	0	49786
99	46425	13	38	1590378	34.26	34	38	38	4	28	38	11991	11278	11315	11841	0	49786
100	45554	13	38	1555507	34.15	34	38	38	4	28	38	11977	10898	10871	11808	0	49786
101	44662	13	38	1523937	34.12	34	38	38	4	28	38	11870	10486	10739	11567	0	49786
102	43751	2	38	1487808	34.01	34	38	38	4	28	38	11404	10384	10640	11322	1	49786
103	42794	13	38	1449588	33.87	34	38	38	4	28	38	11100	10157	10375	11162	0	49786
104	41805	13	38	1414638	33.84	34	38	38	4	28	38	10858	9863	10259	10825	0	49786
105	40783	13	38	1377876	33.79	34	38	38	4	28	38	10775	9714	9796	10498	0	49786
106	39657	13	38	1336536	33.70	34	38	38	4	28	38	10415	9475	9711	10056	0	49786
107	38492	2	38	1291239	33.55	34	38	38	4	28	38	10174	9480	9144	9693	1	49786
108	37280	13	38	1247551	33.46	33	38	38	5	26	38	9488	9062	8950	9780	0	49786
109	35887	2	38	1200793	33.46	33	38	38	5	26	38	9382	8485	8567	9452	1	49786
110	34396	13	38	1145776	33.31	33	38	38	5	26	38	9065	8049	8539	8743	0	49786
111	32779	13	38	1091465	33.30	33	38	38	5	26	38	8310	8175	7903	8391	0	49786
112	30985	13	38	1030361	33.25	33	38	38	5	26	38	8116	7697	7045	8127	0	49786
113	28883	13	38	962619	33.33	33	38	38	5	26	38	7643	6711	6870	7659	0	49786
114	26353	13	38	877992	33.32	33	38	38	5	26	38	6738	6038	6758	6819	0	49786
115	23369	13	38	775316	33.18	33	38	38	5	26	38	6054	5490	5850	5975	0	49786
116	19466	13	38	642714	33.02	32	38	38	6	23	38	5191	4480	4508	5287	0	49786
117	15005	13	38	495058	32.99	31	38	38	7	21	38	4088	3224	3441	4252	0	49786
118	9709	13	38	318871	32.84	31	37	38	7	21	38	2812	1892	2373	2632	0	49786
119	3639	13	38	118349	32.52	31	36	38	7	21	38	930	896	957	856	0	49786
120	3639	13	38	117386	32.26	31	36	38	7	21	38	897	901	919	922	0	49786
121	3639	13	38	117027	32.16	31	36	38	7	21	38	943	917	915	864	0	49786
122	3639	13	38	117225	32.21	31	36	38	7	21	38	970	879	921	869	0	49786
123	3639	13	38	116803	32.10	29	36	38	9	16	38	923	911	929	876	0	49786
124	3639	13	38	116444	32.00	29	36	38	9	16	38	953	904	897	885	0	49786
125	3639	13	38	116484	32.01	29	36	38	9	16	38	956	898	875	910	0	49786
126	3639	13	38	105266	28.93	21	34	38	17	13	38	956	882	923	878	0	49786
