column	count	min	max	sum	mean	Q1	med	Q3	IQR	lW	rW	A_Count	C_Count	G_Count	T_Count	N_Count	Max_count
1	942	2	34	25303	26.86	27	27	32	5	20	34	699	65	72	103	3	942
2	942	2	34	24210	25.70	18	27	28	10	3	34	173	61	77	628	3	942
3	942	2	34	21658	22.99	18	18	27	9	5	34	119	598	80	142	3	942
4	942	2	34	19816	21.04	15	15	27	12	2	34	128	121	592	98	3	942
5	942	2	34	24167	25.65	15	27	32	17	2	34	136	74	625	103	4	942
6	942	2	38	18419	19.55	14	15	26	12	2	38	523	82	240	93	4	942
7	942	2	38	25231	26.78	16	29	33	17	2	38	683	64	106	86	3	942
8	942	2	38	19086	20.26	14	16	28	14	2	38	207	55	577	99	4	942
9	942	2	38	20802	22.08	16	16	28	12	2	38	679	67	108	85	3	942
10	942	2	38	21125	22.43	16	16	29	13	2	38	159	71	628	80	4	942
11	942	2	38	19176	20.36	16	16	26	10	2	38	150	520	173	95	4	942
12	942	2	38	21684	23.02	14	26	28	14	2	38	116	102	632	88	4	942
13	942	2	38	18351	19.48	14	14	26	12	2	38	141	81	460	257	3	942
14	942	2	38	20498	21.76	14	16	28	14	2	38	140	599	110	89	4	942
15	942	2	38	21461	22.78	14	24	27	13	2	38	142	85	619	93	3	942
16	942	2	38	18590	19.73	14	14	27	13	2	38	123	76	390	350	3	942
17	942	2	38	22083	23.44	15	26	28	13	2	38	111	65	649	113	4	942
18	942	2	38	19879	21.10	14	16	28	14	2	38	128	71	258	481	4	942
19	942	2	38	19253	20.44	14	16	27	13	2	38	621	87	114	116	4	942
20	942	2	38	20777	22.06	15	16	28	13	2	38	150	67	629	92	4	942
21	942	2	38	25144	26.69	16	28	35	19	2	38	112	67	671	89	3	942
22	942	2	38	27620	29.32	16	34	37	21	2	38	114	85	655	84	4	942
23	942	2	38	17837	18.94	14	16	16	2	11	19	395	85	380	79	3	942
24	942	2	38	22059	23.42	15	25	28	13	2	38	655	58	134	91	4	942
25	942	2	38	26330	27.95	16	29	36	20	2	38	683	66	90	99	4	942
26	942	2	38	18602	19.75	14	15	25	11	2	38	234	63	563	78	4	942
27	942	2	38	20004	21.24	16	16	27	11	2	38	649	73	141	75	4	942
28	942	2	38	20171	21.41	16	16	27	11	2	38	159	61	624	94	4	942
29	942	2	38	17984	19.09	15	16	16	1	14	17	141	77	437	282	5	942
30	942	2	38	20232	21.48	14	16	28	14	2	38	127	58	636	116	5	942
31	942	2	38	19453	20.65	14	16	27	13	2	38	122	62	246	507	5	942
32	942	2	38	18505	19.64	16	16	25	9	3	38	608	79	113	137	5	942
33	942	2	38	18091	19.20	14	16	25	11	2	38	243	85	496	113	5	942
34	942	2	38	18964	20.13	16	16	25	9	3	38	617	71	157	92	5	942
35	942	2	38	18133	19.25	16	16	16	0	16	16	216	69	120	532	5	942
36	942	2	38	19122	20.30	16	16	27	11	2	38	156	436	108	237	5	942
37	942	2	38	21049	22.35	16	24	28	12	2	38	127	99	95	616	5	942
38	942	2	38	19472	20.67	16	16	27	11	2	38	126	530	104	178	4	942
39	942	2	38	19623	20.83	15	16	27	12	2	38	113	142	559	124	4	942
40	942	2	38	23714	25.17	16	27	31	15	2	38	112	89	629	108	4	942
41	942	2	38	18299	19.43	14	15	25	11	2	38	127	73	357	381	4	942
42	942	2	38	20187	21.43	14	16	28	14	2	38	112	74	621	131	4	942
43	942	2	38	24416	25.92	16	27	34	18	2	38	104	76	666	92	4	942
44	942	2	38	17701	18.79	14	14	24	10	2	38	116	73	479	270	4	942
45	942	2	38	17574	18.66	14	15	16	2	11	19	120	432	229	157	4	942
46	942	2	38	20056	21.29	14	16	27	13	2	38	112	83	659	84	4	942
47	942	2	38	17488	18.56	14	14	24	10	2	38	122	454	276	86	4	942
48	942	2	38	21214	22.52	15	24	27	12	2	38	109	610	131	88	4	942
49	942	2	38	18369	19.50	14	15	25	11	2	38	119	109	619	91	4	942
50	942	2	38	17516	18.59	14	14	24	10	2	38	122	89	502	225	4	942
51	942	2	38	18142	19.26	14	14	25	11	2	38	561	90	204	83	4	942
52	942	2	38	18744	19.90	14	15	25	11	2	38	152	64	177	545	4	942
53	942	2	38	19229	20.41	14	16	27	13	2	38	121	540	144	132	5	942
54	942	2	38	19196	20.38	15	16	26	11	2	38	541	164	141	92	4	942
55	942	2	38	19201	20.38	15	16	26	11	2	38	196	100	125	517	4	942
56	942	2	38	22790	24.19	15	26	29	14	2	38	133	75	120	610	4	942
57	942	2	38	18780	19.94	15	15	25	10	2	38	558	71	120	189	4	942
58	942	2	38	22400	23.78	15	25	29	14	2	38	658	74	109	97	4	942
59	942	2	38	25286	26.84	16	27	36	20	2	38	651	69	124	94	4	942
60	942	2	38	27141	28.81	16	34	37	21	2	38	675	65	110	88	4	942
61	942	2	38	27174	28.85	16	35	38	22	2	38	671	59	112	96	4	942
62	942	2	38	27603	29.30	16	34	38	22	2	38	685	70	105	78	4	942
63	942	2	38	27703	29.41	16	35	38	22	2	38	683	69	106	81	3	942
64	942	2	38	27468	29.16	16	35	38	22	2	38	673	74	107	84	4	942
65	942	2	38	27338	29.02	16	34	38	22	2	38	696	58	118	67	3	942
66	942	2	38	27675	29.38	16	34	38	22	2	38	697	71	96	76	2	942
67	942	2	38	24746	26.27	15	28	35	20	2	38	670	70	104	95	3	942
68	942	2	38	21437	22.76	14	24	28	14	2	38	654	74	117	94	3	942
69	942	2	38	19861	21.08	14	16	25	11	2	38	650	63	130	98	1	942
70	942	2	38	18947	20.11	14	16	25	11	2	38	624	77	138	100	3	942
71	942	2	38	18702	19.85	14	15	25	11	2	38	601	85	156	99	1	942
72	942	2	38	18453	19.59	14	15	25	11	2	38	599	74	163	105	1	942
73	942	2	38	17745	18.84	14	15	24	10	2	38	552	87	205	97	1	942
74	942	2	38	17573	18.65	14	14	24	10	2	38	532	93	200	114	3	942
75	942	2	38	17830	18.93	14	14	24	10	2	38	523	99	211	108	1	942
76	942	13	38	17850	18.95	14	15	25	11	13	38	516	104	208	114	0	942
77	942	2	38	17554	18.63	14	14	24	10	2	38	495	122	188	136	1	942
78	942	13	38	17478	18.55	14	14	24	10	13	38	471	107	227	137	0	942
79	942	2	38	17039	18.09	13	14	23	10	2	38	456	113	240	130	3	942
80	942	2	38	17483	18.56	13	14	23	10	2	38	456	99	238	147	2	942
81	942	2	38	17044	18.09	13	14	23	10	2	38	443	115	239	143	2	942
82	942	2	38	17025	18.07	13	14	23	10	2	38	406	127	262	144	3	942
83	942	2	38	17281	18.35	13	14	23	10	2	38	396	117	288	137	4	942
84	942	2	38	17160	18.22	13	14	23	10	2	38	377	109	302	150	4	942
85	942	2	38	16911	17.95	13	14	23	10	2	38	380	135	288	135	4	942
86	942	2	38	16874	17.91	13	14	22	9	2	35	343	136	325	134	4	942
87	942	2	38	16654	17.68	13	14	21	8	2	33	346	131	307	155	3	942
88	942	2	38	16744	17.77	13	14	22	9	2	35	342	152	296	148	4	942
89	942	2	38	16942	17.99	13	14	22	9	2	35	326	148	329	136	3	942
90	942	2	38	16726	17.76	13	14	21	8	2	33	311	158	349	120	4	942
91	942	2	38	16695	17.72	13	14	21	8	2	33	322	142	322	151	5	942
92	942	2	38	16885	17.92	13	14	23	10	2	38	316	136	324	161	5	942
93	942	2	38	16794	17.83	13	14	22	9	2	35	294	173	316	154	5	942
94	942	2	38	16750	17.78	13	14	23	10	2	38	329	150	322	136	5	942
95	942	2	38	16535	17.55	13	14	23	10	2	38	321	165	310	141	5	942
96	942	2	38	16535	17.55	13	14	21	8	2	33	305	183	305	144	5	942
97	942	2	38	16364	17.37	13	14	21	8	2	33	328	172	292	145	5	942
98	942	2	38	16443	17.46	13	14	21	8	2	33	350	141	270	176	5	942
99	942	2	38	16341	17.35	13	14	21	8	2	33	343	176	275	143	5	942
100	942	2	38	16467	17.48	13	14	21	8	2	33	370	152	257	160	3	942
101	942	13	38	16522	17.54	13	14	21	8	13	33	411	147	233	151	0	942
102	942	13	38	16834	17.87	13	14	23	10	13	38	417	155	223	147	0	942
103	942	13	38	16737	17.77	13	14	23	10	13	38	425	148	229	140	0	942
104	942	2	38	16454	17.47	13	14	21	8	2	33	425	165	220	129	3	942
105	942	2	38	16564	17.58	13	14	21	8	2	33	431	137	228	144	2	942
106	942	2	38	16379	17.39	13	14	21	8	2	33	471	120	223	124	4	942
107	942	2	38	16479	17.49	13	14	21	8	2	33	461	136	216	124	5	942
108	942	2	38	16765	17.80	13	14	21	8	2	33	462	151	192	132	5	942
109	942	2	38	16397	17.41	13	14	21	8	2	33	459	148	196	134	5	942
110	942	2	38	16222	17.22	13	14	21	8	2	33	444	150	226	118	4	942
111	942	2	38	16563	17.58	13	14	21	8	2	33	432	154	204	148	4	942
112	942	2	38	16451	17.46	13	14	21	8	2	33	425	164	212	139	2	942
113	942	2	38	16304	17.31	13	14	21	8	2	33	416	151	219	152	4	942
114	942	2	38	16343	17.35	13	14	21	8	2	33	415	154	233	138	2	942
115	942	2	38	16264	17.27	13	14	21	8	2	33	448	172	187	131	4	942
116	942	2	38	16480	17.49	13	14	21	8	2	33	436	141	220	141	4	942
117	942	2	38	16086	17.08	13	14	21	8	2	33	444	146	216	133	3	942
118	942	2	38	16278	17.28	13	14	21	8	2	33	414	168	213	143	4	942
119	942	2	38	16016	17.00	13	14	21	8	2	33	412	156	226	144	4	942
120	942	2	38	16198	17.20	13	14	21	8	2	33	395	165	232	145	5	942
121	942	2	38	16029	17.02	13	14	21	8	2	33	399	158	247	133	5	942
122	942	2	38	16332	17.34	13	14	21	8	2	33	398	184	216	140	4	942
123	942	2	38	16130	17.12	13	14	21	8	2	33	397	154	232	154	5	942
124	942	2	38	15906	16.89	13	14	21	8	2	33	398	159	236	144	5	942
125	942	2	38	15819	16.79	13	14	21	8	2	33	409	168	217	144	4	942
126	942	2	38	15529	16.49	13	14	15	2	10	18	436	144	224	134	4	942
