column	count	min	max	sum	mean	Q1	med	Q3	IQR	lW	rW	A_Count	C_Count	G_Count	T_Count	N_Count	Max_count
1	34668932	2	34	1111841576	32.07	33	33	34	1	32	34	10647613	7487286	6125903	10310637	97493	34668932
2	34668923	2	34	1118447640	32.26	33	33	34	1	32	34	10873682	6866659	7229796	9625900	72886	34668932
3	34668916	2	34	1120979373	32.33	33	33	34	1	32	34	10381430	7265098	7270749	9681255	70384	34668932
4	34668907	2	34	1117698757	32.24	33	33	34	1	32	34	9819682	7462107	7274415	10041250	71453	34668932
5	34668895	2	34	1119270365	32.28	33	33	34	1	32	34	9934733	7074570	7411227	10178920	69445	34668932
6	34668885	2	38	1259643396	36.33	38	38	38	0	38	38	10024983	7363202	7462639	9755133	62928	34668932
7	34668874	2	38	1259202396	36.32	38	38	38	0	38	38	9932206	7080892	7580749	10011224	63803	34668932
8	34668864	2	38	1259690205	36.33	38	38	38	0	38	38	10086105	7232445	7329945	9956251	64118	34668932
9	34668838	2	38	1259710478	36.34	38	38	38	0	38	38	9937602	7301746	7225553	10136917	67020	34668932
10	34668808	2	38	1259460731	36.33	38	38	38	0	38	38	10005643	7314765	7284830	9994887	68683	34668932
11	34668765	2	38	1259375318	36.33	38	38	38	0	38	38	9975710	7342813	7240011	10046362	63869	34668932
12	34668698	2	38	1254682244	36.19	38	38	38	0	38	38	9988851	7314803	7203769	10000030	161245	34668932
13	34668627	2	38	1259413303	36.33	38	38	38	0	38	38	10061932	7283200	7226153	10076438	20904	34668932
14	34668553	2	38	1258185322	36.29	38	38	38	0	38	38	10075734	7246962	7221984	10066217	57656	34668932
15	34668464	2	38	1258689033	36.31	38	38	38	0	38	38	10019758	7328679	7205915	10060255	53857	34668932
16	34668372	2	38	1257873571	36.28	38	38	38	0	38	38	9993761	7288470	7252817	10076938	56386	34668932
17	34668257	2	38	1257999453	36.29	38	38	38	0	38	38	10009175	7297657	7239240	10059720	62465	34668932
18	34668141	2	38	1257867393	36.28	38	38	38	0	38	38	9961784	7353543	7239671	10048434	64709	34668932
19	34668002	2	38	1257824134	36.28	38	38	38	0	38	38	9975425	7315877	7264955	10049671	62074	34668932
20	34667872	2	38	1258293013	36.30	38	38	38	0	38	38	9970336	7338994	7291089	10009089	58364	34668932
21	34667761	2	38	1254735637	36.19	38	38	38	0	38	38	9922122	7366116	7270937	9993733	114853	34668932
22	34667610	2	38	1257411648	36.27	38	38	38	0	38	38	9949604	7374555	7285292	10028080	30079	34668932
23	34667471	2	38	1256444219	36.24	38	38	38	0	38	38	9935811	7381131	7310407	9999697	40425	34668932
24	34667352	2	38	1257141078	36.26	38	38	38	0	38	38	9921253	7410943	7319771	9977500	37885	34668932
25	34667226	2	38	1256366789	36.24	38	38	38	0	38	38	9920543	7398225	7324989	9961893	61576	34668932
26	34667071	2	38	1256688053	36.25	38	38	38	0	38	38	9932135	7389562	7345037	9969708	30629	34668932
27	34666903	2	38	1256179685	36.24	38	38	38	0	38	38	9883172	7426583	7358423	9948540	50185	34668932
28	34666752	2	38	1255938039	36.23	38	38	38	0	38	38	9893751	7424479	7355757	9940250	52515	34668932
29	34666589	2	38	1256463597	36.24	38	38	38	0	38	38	9903972	7413549	7358130	9936594	54344	34668932
30	34666417	2	38	1256866840	36.26	38	38	38	0	38	38	9881862	7435211	7373490	9916130	59724	34668932
31	34666238	2	38	1256428557	36.24	38	38	38	0	38	38	9894415	7428134	7358544	9926213	58932	34668932
32	34666038	2	38	1256165826	36.24	38	38	38	0	38	38	9910679	7422454	7354767	9917898	60240	34668932
33	34665870	2	38	1256147205	36.24	38	38	38	0	38	38	9892966	7437486	7374604	9906214	54600	34668932
34	34665680	2	38	1253521926	36.16	38	38	38	0	38	38	9891997	7415254	7372774	9888086	97569	34668932
35	34665499	2	38	1255783303	36.23	38	38	38	0	38	38	9914737	7440863	7397409	9896726	15764	34668932
36	34665301	2	38	1255807752	36.23	38	38	38	0	38	38	9900527	7459562	7388156	9903000	14056	34668932
37	34665127	2	38	1256243313	36.24	38	38	38	0	38	38	9908537	7442633	7399508	9899631	14818	34668932
38	34664925	2	38	1255672360	36.22	38	38	38	0	38	38	9911446	7439560	7420797	9883154	9968	34668932
39	34664765	2	38	1253622018	36.16	38	38	38	0	38	38	9861951	7453549	7407622	9878371	63272	34668932
40	34664559	2	38	1254996078	36.20	38	38	38	0	38	38	9887014	7465325	7411618	9893458	7144	34668932
41	34664355	2	38	1253493249	36.16	38	38	38	0	38	38	9898433	7440458	7397486	9872240	55738	34668932
42	34664152	2	38	1252725300	36.14	38	38	38	0	38	38	9870330	7462782	7404168	9870840	56032	34668932
43	34663973	2	38	1252604872	36.14	38	38	38	0	38	38	9878188	7453848	7402379	9869809	59749	34668932
44	34663743	2	38	1252188138	36.12	38	38	38	0	38	38	9882017	7449434	7406852	9869721	55719	34668932
45	34663554	2	38	1251719199	36.11	38	38	38	0	38	38	9867685	7467878	7405493	9862133	60365	34668932
46	34663349	2	38	1251648608	36.11	38	38	38	0	38	38	9880649	7447714	7410492	9866443	58051	34668932
47	34663136	2	38	1251035877	36.09	38	38	38	0	38	38	9874187	7451676	7421915	9858357	57001	34668932
48	34662921	2	38	1250571511	36.08	38	38	38	0	38	38	9857729	7478542	7414216	9854066	58368	34668932
49	34662686	2	38	1250199754	36.07	38	38	38	0	38	38	9870785	7463304	7414419	9855004	59174	34668932
50	34662477	2	38	1249836259	36.06	38	38	38	0	38	38	9881116	7448303	7426704	9848361	57993	34668932
51	34662237	2	38	1248856456	36.03	38	38	38	0	38	38	9857944	7476452	7419621	9849136	59084	34668932
52	34661992	2	38	1249102343	36.04	38	38	38	0	38	38	9872119	7460688	7419208	9856329	53648	34668932
53	34661759	2	38	1248101249	36.01	38	38	38	0	38	38	9885750	7446636	7425952	9847374	56047	34668932
54	34661524	2	38	1247724249	36.00	38	38	38	0	38	38	9860965	7460876	7426549	9856353	56781	34668932
55	34661273	2	38	1247536040	35.99	38	38	38	0	38	38	9870932	7461129	7426096	9847847	55269	34668932
56	34661002	2	38	1246262206	35.96	38	38	38	0	38	38	9871658	7451171	7429712	9842884	65577	34668932
57	34660746	2	38	1245917932	35.95	38	38	38	0	38	38	9848291	7476206	7423803	9847197	65249	34668932
58	34660458	2	38	1245319778	35.93	37	38	38	1	36	38	9858978	7464558	7430970	9843372	62580	34668932
59	34660179	2	38	1244443556	35.90	37	38	38	1	36	38	9862224	7462209	7433385	9844621	57740	34668932
60	34659876	2	38	1243996818	35.89	37	38	38	1	36	38	9847714	7481123	7434536	9840649	55854	34668932
61	34659595	2	38	1244116738	35.90	37	38	38	1	36	38	9858315	7467770	7427546	9852148	53816	34668932
62	34659279	2	38	1243692791	35.88	37	38	38	1	36	38	9856955	7459824	7430702	9853235	58563	34668932
63	34658974	2	38	1242927733	35.86	37	38	38	1	36	38	9852882	7480187	7417110	9846902	61893	34668932
64	34658660	2	38	1242104671	35.84	37	38	38	1	36	38	9861566	7467922	7423696	9845230	60246	34668932
65	34658364	2	38	1240395017	35.79	37	38	38	1	36	38	9864340	7456386	7436105	9836472	65061	34668932
66	34658053	2	38	1239880850	35.77	37	38	38	1	36	38	9847658	7472426	7438999	9839605	59365	34668932
67	34657721	2	38	1239139680	35.75	37	38	38	1	36	38	9856593	7465632	7437662	9840688	57146	34668932
68	34657368	2	38	1239353136	35.76	37	38	38	1	36	38	9859553	7465740	7433211	9837412	61452	34668932
69	34657024	2	38	1238507985	35.74	37	38	38	1	36	38	9846546	7479130	7431097	9840838	59413	34668932
70	34656668	2	38	1238241558	35.73	37	38	38	1	36	38	9858016	7465802	7436622	9834740	61488	34668932
71	34656298	2	38	1237833255	35.72	37	38	38	1	36	38	9858019	7461889	7432578	9843079	60733	34668932
72	34655962	2	38	1236418143	35.68	37	38	38	1	36	38	9841670	7486617	7432600	9840053	55022	34668932
73	34655550	2	38	1235885262	35.66	37	38	38	1	36	38	9859230	7467511	7426717	9844215	57877	34668932
74	34655125	2	38	1235221915	35.64	37	38	38	1	36	38	9863135	7457644	7434795	9842220	57331	34668932
75	34654729	2	38	1234512795	35.62	37	38	38	1	36	38	9841813	7482025	7427890	9843488	59513	34668932
76	34654336	2	38	1233409655	35.59	37	38	38	1	36	38	9852562	7472193	7425051	9843329	61201	34668932
77	34653973	2	38	1232477878	35.57	37	38	38	1	36	38	9862951	7453732	7439191	9836723	61376	34668932
78	34653490	2	38	1232083357	35.55	37	38	38	1	36	38	9852162	7468700	7428845	9842812	60971	34668932
79	34653028	2	38	1231439455	35.54	37	38	38	1	36	38	9849308	7465963	7435540	9842313	59904	34668932
80	34652527	2	38	1230478719	35.51	37	38	38	1	36	38	9851163	7473528	7432302	9837229	58305	34668932
81	34652067	2	38	1229713891	35.49	37	38	38	1	36	38	9845230	7478135	7425474	9849750	53478	34668932
82	34651577	2	38	1228155440	35.44	37	38	38	1	36	38	9852645	7467547	7436449	9833477	61459	34668932
83	34651074	2	38	1227142258	35.41	37	38	38	1	36	38	9852233	7467485	7446210	9824340	60806	34668932
84	34650589	2	38	1226357426	35.39	37	38	38	1	36	38	9836316	7479715	7426511	9845512	62535	34668932
85	34650047	2	38	1225497638	35.37	37	38	38	1	36	38	9847754	7470449	7425423	9847356	59065	34668932
86	34649528	2	38	1224924396	35.35	37	38	38	1	36	38	9855992	7453616	7434928	9843489	61503	34668932
87	34648998	2	38	1223644906	35.32	37	38	38	1	36	38	9842871	7473594	7437403	9832522	62608	34668932
88	34648473	2	38	1222370405	35.28	36	38	38	2	33	38	9838499	7471856	7432082	9846891	59145	34668932
89	34647910	2	38	1221473573	35.25	36	38	38	2	33	38	9848462	7463445	7435779	9841627	58597	34668932
90	34647336	2	38	1220267726	35.22	36	38	38	2	33	38	9837843	7475739	7439752	9832302	61700	34668932
91	34646770	2	38	1219287579	35.19	36	38	38	2	33	38	9841192	7461099	7442585	9838942	62952	34668932
92	34646159	2	38	1218481551	35.17	36	38	38	2	33	38	9836888	7462808	7441413	9839768	65282	34668932
93	34645597	2	38	1217243565	35.13	36	38	38	2	33	38	9835270	7479879	7431299	9839082	60067	34668932
94	34645009	2	38	1216857584	35.12	36	38	38	2	33	38	9848579	7465616	7433023	9842515	55276	34668932
95	34644457	2	38	1215585716	35.09	36	38	38	2	33	38	9848146	7461743	7441400	9837346	55822	34668932
96	34644082	2	38	1214525658	35.06	36	38	38	2	33	38	9833284	7467312	7441183	9845468	56835	34668932
97	34644054	2	38	1213369469	35.02	36	38	38	2	33	38	9851341	7463685	7427309	9839493	62226	34668932
98	34644032	2	38	1211621440	34.97	36	38	38	2	33	38	9859356	7455070	7432236	9833635	63735	34668932
99	34644019	2	38	1209354244	34.91	36	38	38	2	33	38	9829703	7477905	7432736	9843008	60667	34668932
100	34644007	2	38	1208566047	34.89	36	38	38	2	33	38	9840601	7474407	7433500	9835349	60150	34668932
101	34643991	2	38	1207922385	34.87	36	38	38	2	33	38	9847491	7465404	7436202	9833669	61225	34668932
102	34643980	2	38	1206323373	34.82	36	38	38	2	33	38	9843176	7473418	7434999	9833584	58803	34668932
103	34643965	2	38	1205065854	34.78	35	38	38	3	31	38	9845413	7460989	7445201	9836802	55560	34668932
104	34643952	2	38	1202941585	34.72	35	38	38	3	31	38	9849259	7460031	7434152	9838276	62234	34668932
105	34643941	2	38	1201993870	34.70	35	38	38	3	31	38	9838132	7469273	7427849	9844108	64579	34668932
106	34643932	2	38	1201780422	34.69	35	38	38	3	31	38	9848247	7461082	7431234	9840222	63147	34668932
107	34643924	2	38	1199729428	34.63	35	38	38	3	31	38	9854188	7459403	7440577	9825359	64397	34668932
108	34643916	2	38	1196504394	34.54	35	38	38	3	31	38	9827398	7486238	7432036	9841042	57202	34668932
109	34643907	2	38	1195274432	34.50	35	38	38	3	31	38	9848422	7462222	7435950	9836183	61130	34668932
110	34643900	2	38	1194524708	34.48	35	38	38	3	31	38	9842293	7455256	7445839	9838992	61520	34668932
111	34643900	2	38	1191835094	34.40	35	38	38	3	31	38	9829714	7476919	7438291	9833801	65175	34668932
112	34643900	2	38	1190376773	34.36	35	38	38	3	31	38	9835317	7470137	7435162	9836552	66732	34668932
113	34643900	2	38	1188920736	34.32	35	38	38	3	31	38	9842625	7462824	7439363	9836786	62302	34668932
114	34643900	2	38	1187076152	34.27	35	38	38	3	31	38	9832352	7471284	7435764	9839657	64843	34668932
115	34643900	2	38	1185650404	34.22	34	38	38	4	28	38	9837899	7469652	7434183	9839697	62469	34668932
116	34643900	2	38	1184357353	34.19	34	38	38	4	28	38	9847252	7464294	7434284	9834995	63075	34668932
117	34643900	2	38	1181596709	34.11	34	38	38	4	28	38	9827055	7479097	7434523	9838502	64723	34668932
118	34643900	2	38	1180266717	34.07	34	38	38	4	28	38	9837472	7464399	7430174	9841871	69984	34668932
119	34643900	2	38	1178651966	34.02	34	38	38	4	28	38	9836930	7459317	7440822	9838461	68370	34668932
120	34643900	2	38	1175520679	33.93	34	38	38	4	28	38	9828366	7483674	7426327	9840348	65185	34668932
121	34643900	2	38	1174375150	33.90	34	38	38	4	28	38	9844925	7470242	7426459	9838601	63673	34668932
122	34643900	2	38	1173353863	33.87	34	38	38	4	28	38	9847046	7459872	7442476	9832917	61589	34668932
123	34643900	2	38	1172599621	33.85	34	38	38	4	28	38	9831307	7482000	7429683	9839163	61747	34668932
124	34643900	2	38	1170669007	33.79	34	38	38	4	28	38	9831546	7474452	7431199	9842891	63812	34668932
125	34643900	2	38	1165957850	33.66	34	38	38	4	28	38	9840968	7461104	7435308	9844121	62399	34668932
126	34643900	2	38	1037918700	29.96	23	34	38	15	2	38	9729405	7510160	7498811	9842199	63325	34668932
