column	count	min	max	sum	mean	Q1	med	Q3	IQR	lW	rW	A_Count	C_Count	G_Count	T_Count	N_Count	Max_count
1	37985	2	34	1242036	32.70	33	33	34	1	32	34	10412	9262	8045	10244	22	37985
2	37984	18	34	1247669	32.85	33	34	34	1	32	34	10448	8647	8946	9943	0	37985
3	37981	18	34	1248061	32.86	33	34	34	1	32	34	9650	9295	9377	9659	0	37985
4	37967	15	34	1250080	32.93	33	34	34	1	32	34	9568	9707	8836	9856	0	37985
5	37967	15	34	1251779	32.97	33	34	34	1	32	34	9871	8748	9270	10078	0	37985
6	37967	14	38	1383462	36.44	37	38	38	1	36	38	9801	8776	9586	9804	0	37985
7	37967	14	38	1394321	36.72	37	38	38	1	36	38	9819	8742	9694	9712	0	37985
8	37967	14	38	1399588	36.86	38	38	38	0	38	38	9765	9521	9091	9590	0	37985
9	37967	14	38	1401018	36.90	38	38	38	0	38	38	9615	9439	8999	9914	0	37985
10	37967	14	38	1400421	36.89	38	38	38	0	38	38	9918	9181	9014	9854	0	37985
11	37967	14	38	1400349	36.88	38	38	38	0	38	38	9803	9182	9107	9875	0	37985
12	37967	14	38	1398330	36.83	38	38	38	0	38	38	9501	9503	8901	10062	0	37985
13	37967	2	38	1399157	36.85	38	38	38	0	38	38	10009	9206	8845	9905	2	37985
14	37966	14	38	1401131	36.90	38	38	38	0	38	38	9991	8738	9290	9947	0	37985
15	37966	14	38	1401183	36.91	38	38	38	0	38	38	9849	9088	9050	9979	0	37985
16	37966	14	38	1401664	36.92	38	38	38	0	38	38	10203	8938	9087	9738	0	37985
17	37965	14	38	1402742	36.95	38	38	38	0	38	38	10033	9138	9159	9635	0	37985
18	37964	14	38	1401158	36.91	38	38	38	0	38	38	9809	8798	9590	9767	0	37985
19	37964	14	38	1402696	36.95	38	38	38	0	38	38	9693	9000	9700	9571	0	37985
20	37964	14	38	1402775	36.95	38	38	38	0	38	38	9889	9147	9113	9815	0	37985
21	37964	14	38	1402695	36.95	38	38	38	0	38	38	9650	9050	9224	10040	0	37985
22	37964	14	38	1402548	36.94	38	38	38	0	38	38	9766	9271	9190	9737	0	37985
23	37964	14	38	1403260	36.96	38	38	38	0	38	38	9721	9227	9078	9938	0	37985
24	37964	2	38	1402729	36.95	38	38	38	0	38	38	9716	9507	9024	9715	2	37985
25	37964	14	38	1401132	36.91	38	38	38	0	38	38	9930	9165	9081	9788	0	37985
26	37963	2	38	1400355	36.89	38	38	38	0	38	38	10048	9048	9094	9770	3	37985
27	37962	14	38	1398689	36.84	38	38	38	0	38	38	9840	9279	9275	9568	0	37985
28	37961	14	38	1399583	36.87	38	38	38	0	38	38	9828	9297	9001	9835	0	37985
29	37960	14	38	1397618	36.82	38	38	38	0	38	38	9828	9108	9149	9875	0	37985
30	37959	14	38	1397138	36.81	38	38	38	0	38	38	9811	8955	9588	9605	0	37985
31	37959	14	38	1397913	36.83	38	38	38	0	38	38	9547	9432	9189	9791	0	37985
32	37958	14	38	1396786	36.80	38	38	38	0	38	38	10020	9151	8862	9925	0	37985
33	37958	14	38	1398236	36.84	38	38	38	0	38	38	9929	9142	9178	9709	0	37985
34	37958	14	38	1395716	36.77	38	38	38	0	38	38	9653	9279	9369	9657	0	37985
35	37958	14	38	1394410	36.74	38	38	38	0	38	38	9866	9749	9046	9297	0	37985
36	37958	14	38	1395365	36.76	38	38	38	0	38	38	9622	9323	8934	10079	0	37985
37	37957	14	38	1393504	36.71	38	38	38	0	38	38	9837	9040	9000	10080	0	37985
38	37957	14	38	1393291	36.71	38	38	38	0	38	38	9906	9023	9262	9766	0	37985
39	37956	14	38	1388798	36.59	38	38	38	0	38	38	9627	9357	9387	9585	0	37985
40	37955	14	38	1386888	36.54	38	38	38	0	38	38	9731	9677	8819	9728	0	37985
41	37955	14	38	1388627	36.59	38	38	38	0	38	38	10082	9039	8921	9913	0	37985
42	37955	14	38	1388257	36.58	38	38	38	0	38	38	9947	8900	9453	9655	0	37985
43	37954	14	38	1387312	36.55	38	38	38	0	38	38	9651	8988	9652	9663	0	37985
44	37953	14	38	1384528	36.48	38	38	38	0	38	38	9692	9317	9316	9628	0	37985
45	37951	14	38	1384030	36.47	38	38	38	0	38	38	9934	8995	9230	9792	0	37985
46	37951	14	38	1384384	36.48	38	38	38	0	38	38	9914	9109	9298	9630	0	37985
47	37951	14	38	1383757	36.46	38	38	38	0	38	38	9962	9317	9204	9468	0	37985
48	37950	14	38	1380658	36.38	38	38	38	0	38	38	9699	9684	9062	9505	0	37985
49	37949	14	38	1377758	36.31	37	38	38	1	36	38	9935	9322	9003	9689	0	37985
50	37946	14	38	1378721	36.33	37	38	38	1	36	38	9925	9002	9283	9736	0	37985
51	37946	2	38	1378629	36.33	37	38	38	1	36	38	9635	9154	9156	9997	4	37985
52	37946	2	38	1376000	36.26	37	38	38	1	36	38	9564	9442	8865	10069	6	37985
53	37945	14	38	1373857	36.21	37	38	38	1	36	38	9929	9103	9272	9641	0	37985
54	37945	14	38	1374123	36.21	37	38	38	1	36	38	9729	8924	9472	9820	0	37985
55	37944	14	38	1371634	36.15	37	38	38	1	36	38	9822	8974	9271	9877	0	37985
56	37942	14	38	1370048	36.11	37	38	38	1	36	38	9911	9245	9193	9593	0	37985
57	37940	14	38	1369249	36.09	37	38	38	1	36	38	9808	9280	9014	9838	0	37985
58	37939	14	38	1366638	36.02	37	38	38	1	36	38	9715	9097	9517	9610	0	37985
59	37939	14	38	1365226	35.98	37	38	38	1	36	38	9799	9370	9372	9398	0	37985
60	37937	2	38	1363174	35.93	37	38	38	1	36	38	9808	9222	8978	9881	48	37985
61	37936	2	38	1361092	35.88	37	38	38	1	36	38	9728	9148	8974	10000	86	37985
62	37935	2	38	1361324	35.89	37	38	38	1	36	38	9945	9238	9135	9615	2	37985
63	37931	2	38	1361165	35.89	37	38	38	1	36	38	9633	9254	9004	10038	2	37985
64	37931	2	38	1359613	35.84	37	38	38	1	36	38	10057	9193	9045	9596	40	37985
65	37930	2	38	1357743	35.80	37	38	38	1	36	38	10066	9094	9034	9686	50	37985
66	37928	14	38	1356622	35.77	37	38	38	1	36	38	9752	9052	9541	9583	0	37985
67	37920	14	38	1356882	35.78	37	38	38	1	36	38	9902	9193	9259	9566	0	37985
68	37919	14	38	1356047	35.76	37	38	38	1	36	38	9578	9249	9399	9693	0	37985
69	37918	14	38	1353549	35.70	37	38	38	1	36	38	9779	9143	9064	9932	0	37985
70	37914	14	38	1349535	35.59	37	38	38	1	36	38	9883	9116	9302	9613	0	37985
71	37907	14	38	1345854	35.50	37	38	38	1	36	38	9562	9787	9185	9373	0	37985
72	37905	14	38	1348615	35.58	37	38	38	1	36	38	9655	9508	8803	9939	0	37985
73	37902	2	38	1344625	35.48	36	38	38	2	33	38	9857	8943	9136	9939	27	37985
74	37899	2	38	1339623	35.35	36	38	38	2	33	38	9848	9106	9251	9653	41	37985
75	37895	2	38	1336198	35.26	36	38	38	2	33	38	9731	9412	9149	9551	52	37985
76	37889	2	38	1332483	35.17	36	38	38	2	33	38	9863	9299	8942	9731	54	37985
77	37885	2	38	1333247	35.19	36	38	38	2	33	38	9968	8784	9373	9754	6	37985
78	37874	13	38	1329807	35.11	36	38	38	2	33	38	9893	8697	9473	9811	0	37985
79	37864	2	38	1324332	34.98	36	38	38	2	33	38	9574	9079	9606	9597	8	37985
80	37860	13	38	1320586	34.88	36	38	38	2	33	38	9725	9435	9152	9548	0	37985
81	37850	2	38	1321156	34.91	36	38	38	2	33	38	9755	9085	9156	9849	5	37985
82	37840	2	38	1322293	34.94	36	38	38	2	33	38	9987	8909	9290	9650	4	37985
83	37832	2	38	1318482	34.85	36	38	38	2	33	38	9489	9268	9302	9767	6	37985
84	37821	13	38	1315200	34.77	35	38	38	3	31	38	9498	9505	9018	9800	0	37985
85	37812	13	38	1311796	34.69	35	38	38	3	31	38	9933	9081	8981	9817	0	37985
86	37794	13	38	1313673	34.76	35	38	38	3	31	38	9968	8833	9325	9668	0	37985
87	37778	13	38	1311759	34.72	35	38	38	3	31	38	9854	9090	9211	9623	0	37985
88	37757	13	38	1306536	34.60	35	38	38	3	31	38	10010	9106	8934	9707	0	37985
89	37726	13	38	1299993	34.46	35	38	38	3	31	38	9946	9078	9255	9447	0	37985
90	37692	13	38	1297054	34.41	35	38	38	3	31	38	9779	8921	9397	9595	0	37985
91	37655	13	38	1297916	34.47	35	38	38	3	31	38	9676	8912	9461	9606	0	37985
92	37601	13	38	1296117	34.47	35	38	38	3	31	38	9710	9206	9071	9614	0	37985
93	37553	13	38	1290703	34.37	35	38	38	3	31	38	9726	9060	9025	9742	0	37985
94	37457	13	38	1282382	34.24	34	38	38	4	28	38	9810	8767	9172	9708	0	37985
95	37339	13	38	1279078	34.26	34	38	38	4	28	38	9733	9211	9036	9359	0	37985
96	37108	2	38	1271074	34.25	34	38	38	4	28	38	9654	9210	8911	9332	1	37985
97	36581	13	38	1250837	34.19	34	38	38	4	28	38	9626	8836	8537	9582	0	37985
98	36038	13	38	1227757	34.07	34	38	38	4	28	38	9422	8390	8735	9491	0	37985
99	35439	13	38	1205284	34.01	34	38	38	4	28	38	9139	8478	8757	9065	0	37985
100	34800	13	38	1183273	34.00	34	38	38	4	28	38	9233	8321	8202	9044	0	37985
101	34171	13	38	1159760	33.94	34	38	38	4	28	38	8958	8115	8337	8761	0	37985
102	33513	2	38	1132659	33.80	34	38	38	4	28	38	8668	7910	8285	8649	1	37985
103	32764	13	38	1103030	33.67	34	38	38	4	28	38	8514	7765	7895	8590	0	37985
104	32047	13	38	1077952	33.64	34	38	38	4	28	38	8442	7760	7700	8145	0	37985
105	31299	13	38	1051395	33.59	34	38	38	4	28	38	8165	7622	7456	8056	0	37985
106	30463	2	38	1022843	33.58	34	38	38	4	28	38	7856	7214	7457	7935	1	37985
107	29606	2	38	986511	33.32	33	38	38	5	26	38	7790	7250	7104	7461	1	37985
108	28724	2	38	955392	33.26	33	38	38	5	26	38	7365	6987	6978	7392	2	37985
109	27726	2	38	921393	33.23	33	38	38	5	26	38	7183	6650	6574	7318	1	37985
110	26732	13	38	885574	33.13	33	38	38	5	26	38	7245	6242	6457	6788	0	37985
111	25623	13	38	846309	33.03	33	38	38	5	26	38	6563	6199	6096	6765	0	37985
112	24205	13	38	798825	33.00	32	37	38	6	23	38	6361	5894	5469	6481	0	37985
113	22635	13	38	748578	33.07	33	37	38	5	26	38	6048	5174	5394	6019	0	37985
114	20721	13	38	684706	33.04	32	38	38	6	23	38	5386	4790	5148	5397	0	37985
115	18379	2	38	605580	32.95	31	37	38	7	21	38	4795	4184	4508	4891	1	37985
116	15425	13	38	506668	32.85	31	37	38	7	21	38	4083	3606	3436	4300	0	37985
117	11863	13	38	389496	32.83	31	37	38	7	21	38	3254	2532	2718	3359	0	37985
118	7616	13	38	248982	32.69	31	37	38	7	21	38	2187	1566	1838	2025	0	37985
119	2951	13	38	94827	32.13	29	36	38	9	16	38	774	696	705	776	0	37985
120	2951	13	38	93783	31.78	29	36	38	9	16	38	721	723	789	718	0	37985
121	2951	13	38	94316	31.96	29	36	38	9	16	38	772	723	745	711	0	37985
122	2951	13	38	93656	31.74	28	36	38	10	13	38	746	757	696	752	0	37985
123	2951	13	38	94361	31.98	29	36	38	9	16	38	780	748	741	682	0	37985
124	2951	13	38	93587	31.71	28	36	38	10	13	38	744	717	755	735	0	37985
125	2951	13	38	93734	31.76	28	36	38	10	13	38	757	735	721	738	0	37985
126	2951	13	38	84475	28.63	21	33	38	17	13	38	725	776	731	719	0	37985
