column	count	min	max	sum	mean	Q1	med	Q3	IQR	lW	rW	A_Count	C_Count	G_Count	T_Count	N_Count	Max_count
1	28564678	2	34	903470697	31.63	32	33	34	2	29	34	8765720	6233195	5110526	8435676	19561	28564678
2	28564660	2	34	908477175	31.80	32	33	34	2	29	34	8963383	5699539	5989303	7894849	17586	28564678
3	28564640	2	34	910331098	31.87	32	33	34	2	29	34	8542775	6028224	5996076	7981638	15927	28564678
4	28564618	2	34	905262249	31.69	32	33	34	2	29	34	8099966	6190166	6011375	8246046	17065	28564678
5	28564595	2	34	905145077	31.69	32	33	34	2	29	34	8190419	5881374	6125037	8351411	16354	28564678
6	28564578	2	38	1016891761	35.60	37	38	38	1	36	38	8250845	6112369	6175993	8010797	14574	28564678
7	28564556	2	38	1016438983	35.58	37	38	38	1	36	38	8190188	5875325	6266787	8216862	15394	28564678
8	28564536	2	38	1015920802	35.57	37	38	38	1	36	38	8298774	6019432	6060841	8170469	15020	28564678
9	28564511	2	38	1015058936	35.54	37	38	38	1	36	38	8182606	6065224	5986749	8315327	14605	28564678
10	28564485	2	38	1014956918	35.53	37	38	38	1	36	38	8232057	6092588	6026245	8198238	15357	28564678
11	28564439	2	38	1014537755	35.52	37	38	38	1	36	38	8208798	6116514	5987822	8235125	16180	28564678
12	28564392	2	38	1014370462	35.51	37	38	38	1	36	38	8239879	6098536	5989686	8221569	14722	28564678
13	28564313	2	38	1014160894	35.50	37	38	38	1	36	38	8272328	6051320	5971961	8253611	15093	28564678
14	28564241	2	38	1013661301	35.49	37	38	38	1	36	38	8298265	6027766	5970826	8252619	14765	28564678
15	28564127	2	38	1013350063	35.48	37	38	38	1	36	38	8247127	6093292	5959770	8249519	14419	28564678
16	28564008	2	38	1012555754	35.45	37	38	38	1	36	38	8226154	6069751	5991226	8262629	14248	28564678
17	28563879	2	38	1011197557	35.40	37	38	38	1	36	38	8248937	6062559	5996004	8240352	16027	28564678
18	28563758	2	38	1011294867	35.40	37	38	38	1	36	38	8206274	6108053	5992069	8241963	15399	28564678
19	28563652	2	38	1011174851	35.40	37	38	38	1	36	38	8212617	6074835	6013857	8247158	15185	28564678
20	28563515	2	38	1010678522	35.38	37	38	38	1	36	38	8213088	6097216	6035992	8201816	15403	28564678
21	28563384	2	38	1009626659	35.35	37	38	38	1	36	38	8189001	6124778	6028545	8206730	14330	28564678
22	28563245	2	38	1008999181	35.33	37	38	38	1	36	38	8192277	6115808	6031846	8208227	15087	28564678
23	28563085	2	38	1009037567	35.33	37	38	38	1	36	38	8183737	6123420	6045511	8196947	13470	28564678
24	28562922	2	38	1008568441	35.31	37	38	38	1	36	38	8170299	6151624	6047308	8179223	14468	28564678
25	28562760	2	38	1008228035	35.30	37	38	38	1	36	38	8173064	6143980	6060587	8171499	13630	28564678
26	28562582	2	38	1007559581	35.28	37	38	38	1	36	38	8177922	6130902	6074583	8163450	15725	28564678
27	28562437	2	38	1007214017	35.26	37	38	38	1	36	38	8145442	6162335	6084729	8153213	16718	28564678
28	28562279	2	38	1006767411	35.25	37	38	38	1	36	38	8153816	6158736	6082322	8149380	18025	28564678
29	28562095	2	38	1005876523	35.22	36	38	38	2	33	38	8164289	6145427	6087848	8145929	18602	28564678
30	28561937	2	38	1006066924	35.22	36	38	38	2	33	38	8128463	6167578	6107416	8138663	19817	28564678
31	28561783	2	38	1005889850	35.22	36	38	38	2	33	38	8146877	6162606	6093216	8139169	19915	28564678
32	28561585	2	38	1005742510	35.21	36	38	38	2	33	38	8157566	6159656	6090337	8133580	20446	28564678
33	28561406	2	38	1004989598	35.19	36	38	38	2	33	38	8145668	6176150	6097714	8122257	19617	28564678
34	28561214	2	38	1004285352	35.16	36	38	38	2	33	38	8156834	6153267	6108863	8120004	22246	28564678
35	28561060	2	38	1003591123	35.14	36	38	38	2	33	38	8160726	6162975	6112793	8102943	21623	28564678
36	28560894	2	38	1003480228	35.13	36	38	38	2	33	38	8147081	6176945	6102455	8113944	20469	28564678
37	28560718	2	38	1003226661	35.13	36	38	38	2	33	38	8154250	6163610	6111288	8111459	20111	28564678
38	28560523	2	38	1002599908	35.10	36	38	38	2	33	38	8159921	6158533	6129171	8093306	19592	28564678
39	28560336	2	38	1001866987	35.08	36	38	38	2	33	38	8134314	6181244	6128380	8096562	19836	28564678
40	28560127	2	38	1001345778	35.06	36	38	38	2	33	38	8137655	6182050	6126729	8093870	19823	28564678
41	28559951	2	38	1000918669	35.05	36	38	38	2	33	38	8153880	6173852	6117405	8096153	18661	28564678
42	28559755	2	38	999538546	35.00	36	38	38	2	33	38	8138244	6182954	6129177	8090409	18971	28564678
43	28559582	2	38	999520574	35.00	36	38	38	2	33	38	8140062	6178497	6126119	8097191	17713	28564678
44	28559381	2	38	997691041	34.93	36	38	38	2	33	38	8142862	6170154	6143152	8084659	18554	28564678
45	28559185	2	38	997433616	34.93	36	38	38	2	33	38	8132326	6188944	6128373	8092005	17537	28564678
46	28558973	2	38	997419321	34.92	36	38	38	2	33	38	8137409	6179545	6136155	8088373	17491	28564678
47	28558775	2	38	997105880	34.91	36	38	38	2	33	38	8137448	6178704	6137318	8088330	16975	28564678
48	28558560	2	38	996349922	34.89	36	38	38	2	33	38	8117119	6202072	6137751	8084161	17457	28564678
49	28558350	2	38	994859380	34.84	36	38	38	2	33	38	8123097	6187773	6144185	8086349	16946	28564678
50	28558139	2	38	994492450	34.82	36	38	38	2	33	38	8136666	6177095	6141933	8085416	17029	28564678
51	28557932	2	38	993910719	34.80	36	38	38	2	33	38	8114273	6199591	6138867	8088845	16356	28564678
52	28557720	2	38	993347043	34.78	36	38	38	2	33	38	8122463	6193628	6138121	8086630	16878	28564678
53	28557486	2	38	991923015	34.73	36	38	38	2	33	38	8140694	6181768	6142098	8075228	17698	28564678
54	28557244	2	38	991480900	34.72	36	38	38	2	33	38	8112975	6197093	6138904	8091168	17104	28564678
55	28556993	2	38	990917424	34.70	36	38	38	2	33	38	8123380	6193382	6140879	8081740	17612	28564678
56	28556725	2	38	990120927	34.67	35	38	38	3	31	38	8124446	6188305	6144930	8082251	16793	28564678
57	28556490	2	38	989388383	34.65	35	38	38	3	31	38	8108409	6205332	6146214	8080192	16343	28564678
58	28556222	2	38	988511545	34.62	35	38	38	3	31	38	8117269	6196466	6147753	8078181	16553	28564678
59	28555960	2	38	987524552	34.58	35	38	38	3	31	38	8121679	6191226	6150906	8076145	16004	28564678
60	28555696	2	38	986890973	34.56	35	38	38	3	31	38	8099605	6215581	6150995	8074859	14656	28564678
61	28555444	2	38	985925936	34.53	35	38	38	3	31	38	8116343	6199517	6142669	8082374	14541	28564678
62	28555189	2	38	984823238	34.49	35	38	38	3	31	38	8117593	6194795	6149110	8079068	14623	28564678
63	28554941	2	38	983933364	34.46	35	38	38	3	31	38	8107327	6214454	6138983	8081265	12912	28564678
64	28554621	2	38	982891885	34.42	35	38	38	3	31	38	8120641	6203912	6141620	8075195	13253	28564678
65	28554334	2	38	982217405	34.40	35	38	38	3	31	38	8130058	6195023	6144112	8072496	12645	28564678
66	28554026	2	38	981281356	34.37	35	38	38	3	31	38	8109406	6210373	6146755	8076353	11139	28564678
67	28553739	2	38	980162411	34.33	35	38	38	3	31	38	8121380	6203583	6148166	8068714	11896	28564678
68	28553395	2	38	978386395	34.27	34	38	38	4	28	38	8120680	6205404	6146077	8069466	11768	28564678
69	28553055	2	38	977997436	34.25	34	38	38	4	28	38	8100104	6217520	6146010	8078857	10564	28564678
70	28552687	2	38	977038699	34.22	34	38	38	4	28	38	8118440	6202645	6148834	8071970	10798	28564678
71	28552328	2	38	975568613	34.17	34	38	38	4	28	38	8121479	6204354	6146151	8070308	10036	28564678
72	28551953	2	38	974204808	34.12	34	38	38	4	28	38	8099880	6222638	6146273	8073156	10006	28564678
73	28551612	2	38	972600368	34.06	34	38	38	4	28	38	8124077	6208717	6139718	8067830	11270	28564678
74	28551243	2	38	971274530	34.02	34	38	38	4	28	38	8118568	6198196	6148416	8074418	11645	28564678
75	28550859	2	38	970265094	33.98	34	38	38	4	28	38	8106176	6215827	6144445	8072983	11428	28564678
76	28550447	2	38	968665579	33.93	34	38	38	4	28	38	8111381	6211884	6147994	8069023	10165	28564678
77	28550055	2	38	967759772	33.90	34	38	38	4	28	38	8119622	6200195	6146255	8073511	10472	28564678
78	28549659	2	38	966537594	33.85	34	38	38	4	28	38	8110293	6209329	6144235	8075701	10101	28564678
79	28549223	2	38	965313508	33.81	34	38	38	4	28	38	8111134	6209616	6146723	8069742	12008	28564678
80	28548823	2	38	964187138	33.77	34	38	38	4	28	38	8114011	6213544	6147938	8062229	11101	28564678
81	28548389	2	38	962912313	33.73	34	38	38	4	28	38	8104456	6221050	6139991	8070987	11905	28564678
82	28547930	2	38	961354013	33.68	34	38	38	4	28	38	8110887	6209459	6150591	8064489	12504	28564678
83	28547445	2	38	959498626	33.61	34	38	38	4	28	38	8110896	6210879	6147850	8062849	14971	28564678
84	28546986	2	38	958155657	33.56	34	38	38	4	28	38	8094759	6222307	6140340	8075014	14566	28564678
85	28546549	2	38	956436231	33.50	33	38	38	5	26	38	8105437	6212736	6140255	8073427	14694	28564678
86	28546053	2	38	954176086	33.43	33	38	38	5	26	38	8119883	6202248	6148930	8060417	14575	28564678
87	28545591	2	38	952654061	33.37	33	38	38	5	26	38	8100693	6218923	6152682	8058689	14604	28564678
88	28545057	2	38	951203133	33.32	33	38	38	5	26	38	8101563	6217172	6145144	8066079	15099	28564678
89	28544585	2	38	950051710	33.28	33	38	38	5	26	38	8109496	6208432	6145837	8064437	16383	28564678
90	28544024	2	38	948613121	33.23	33	38	38	5	26	38	8090251	6222619	6153367	8061456	16331	28564678
91	28543496	2	38	946998335	33.18	33	38	38	5	26	38	8093605	6211319	6154015	8066494	18063	28564678
92	28542982	2	38	945456490	33.12	33	38	38	5	26	38	8096571	6209214	6155372	8064295	17530	28564678
93	28542425	2	38	944282561	33.08	33	38	38	5	26	38	8094539	6222457	6143724	8064990	16715	28564678
94	28541929	2	38	942491692	33.02	32	38	38	6	23	38	8098060	6210482	6148724	8067272	17391	28564678
95	28541442	2	38	940315200	32.95	31	38	38	7	21	38	8098874	6207226	6152262	8064617	18463	28564678
96	28541099	2	38	938121794	32.87	31	38	38	7	21	38	8088235	6221790	6151545	8058676	20853	28564678
97	28541074	2	38	936423273	32.81	31	38	38	7	21	38	8102278	6211367	6145602	8060430	21397	28564678
98	28541056	2	38	933347950	32.70	31	38	38	7	21	38	8103516	6212532	6144821	8059463	20724	28564678
99	28541041	2	38	930618995	32.61	31	37	38	7	21	38	8082340	6227530	6152172	8061425	17574	28564678
100	28541026	2	38	928401471	32.53	31	37	38	7	21	38	8092486	6229103	6151122	8056858	11457	28564678
101	28541016	2	38	927441624	32.50	30	37	38	8	18	38	8102433	6223008	6154253	8054234	7088	28564678
102	28541008	2	38	926838944	32.47	29	37	38	9	16	38	8089291	6231300	6153076	8061381	5960	28564678
103	28540999	2	38	924542381	32.39	29	37	38	9	16	38	8088950	6227782	6152342	8063393	8532	28564678
104	28540988	2	38	922428425	32.32	29	37	38	9	16	38	8099697	6217859	6154845	8055841	12746	28564678
105	28540980	2	38	920978483	32.27	29	37	38	9	16	38	8085266	6236466	6148484	8057219	13545	28564678
106	28540969	2	38	918926588	32.20	29	37	38	9	16	38	8095454	6230723	6144887	8052629	17276	28564678
107	28540960	2	38	918324807	32.18	29	37	38	9	16	38	8098300	6220696	6155316	8048475	18173	28564678
108	28540952	2	38	917058236	32.13	29	37	38	9	16	38	8074916	6241350	6150373	8056171	18142	28564678
109	28540946	2	38	914691835	32.05	29	37	38	9	16	38	8090497	6223223	6145903	8063658	17665	28564678
110	28540934	2	38	911990206	31.95	28	37	38	10	13	38	8090651	6220776	6167119	8045451	16937	28564678
111	28540934	2	38	910107767	31.89	28	37	38	10	13	38	8073791	6239945	6154953	8055456	16789	28564678
112	28540934	2	38	908074308	31.82	28	37	38	10	13	38	8081911	6238870	6154132	8050577	15444	28564678
113	28540934	2	38	905538666	31.73	28	37	38	10	13	38	8090888	6236524	6149952	8047141	16429	28564678
114	28540934	2	38	903238560	31.65	27	36	38	11	11	38	8075357	6241602	6156296	8051313	16366	28564678
115	28540934	2	38	901511175	31.59	27	36	38	11	11	38	8085520	6237032	6154368	8046581	17433	28564678
116	28540934	2	38	899786193	31.53	27	36	38	11	11	38	8088014	6234163	6148139	8052828	17790	28564678
117	28540934	2	38	896781318	31.42	27	36	38	11	11	38	8077175	6249092	6145502	8052274	16891	28564678
118	28540934	2	38	895043010	31.36	26	36	38	12	8	38	8085233	6239091	6144341	8053524	18745	28564678
119	28540934	2	38	892907876	31.29	26	36	38	12	8	38	8084275	6233714	6159460	8045269	18216	28564678
120	28540934	2	38	890632714	31.21	25	36	38	13	6	38	8070999	6256891	6148188	8046395	18461	28564678
121	28540934	2	38	888226533	31.12	25	36	38	13	6	38	8089301	6246362	6143096	8043294	18881	28564678
122	28540934	2	38	884475262	30.99	24	36	38	14	3	38	8084374	6237404	6160691	8037953	20512	28564678
123	28540934	2	38	881728485	30.89	24	36	38	14	3	38	8074561	6256838	6145035	8042590	21910	28564678
124	28540934	2	38	878406810	30.78	24	35	38	14	3	38	8072331	6255879	6146298	8046354	20072	28564678
125	28540934	2	38	875260057	30.67	23	35	38	15	2	38	8075988	6246842	6149369	8051343	17392	28564678
126	28540934	2	38	781537166	27.38	15	31	37	22	2	38	7929773	6373773	6210570	8011227	15591	28564678
