column	count	min	max	sum	mean	Q1	med	Q3	IQR	lW	rW	A_Count	C_Count	G_Count	T_Count	N_Count	Max_count
1	1681	2	34	45150	26.86	27	27	32	5	20	34	1156	86	278	152	9	1681
2	1681	2	34	43742	26.02	18	27	32	14	2	34	323	91	111	1147	9	1681
3	1681	2	34	36726	21.85	18	18	27	9	5	34	144	975	140	413	9	1681
4	1681	2	34	33567	19.97	15	15	27	12	2	34	149	277	1027	219	9	1681
5	1681	2	34	41519	24.70	15	27	32	17	2	34	144	131	1242	155	9	1681
6	1681	2	38	33226	19.77	14	14	27	13	2	38	708	111	719	135	8	1681
7	1681	2	38	43115	25.65	16	28	30	14	2	38	1268	107	165	133	8	1681
8	1681	2	38	34702	20.64	14	16	28	14	2	38	428	112	1002	131	8	1681
9	1681	2	38	36270	21.58	15	16	28	13	2	38	1139	98	284	152	8	1681
10	1681	2	38	36858	21.93	16	16	28	12	2	38	326	108	1082	157	8	1681
11	1681	2	38	33571	19.97	15	16	26	11	2	38	182	848	479	164	8	1681
12	1681	2	38	37621	22.38	14	26	28	14	2	38	155	248	1131	138	9	1681
13	1681	14	38	32936	19.59	14	14	26	12	14	38	173	148	877	483	0	1681
14	1681	2	38	34357	20.44	14	16	27	13	2	38	186	1033	210	244	8	1681
15	1681	2	38	36309	21.60	14	16	27	13	2	38	178	265	1054	176	8	1681
16	1681	2	38	33380	19.86	14	14	27	13	2	38	146	137	702	688	8	1681
17	1681	2	38	37186	22.12	14	24	27	13	2	38	170	121	1151	231	8	1681
18	1681	2	38	34608	20.59	14	16	27	13	2	38	144	130	498	901	8	1681
19	1681	2	38	33694	20.04	14	16	26	12	2	38	1033	119	185	336	8	1681
20	1681	2	38	35631	21.20	15	16	28	13	2	38	313	117	1076	167	8	1681
21	1681	2	38	44124	26.25	16	28	34	18	2	38	163	107	1255	154	2	1681
22	1681	2	38	49721	29.58	25	34	37	12	7	38	173	121	1278	108	1	1681
23	1681	14	38	33570	19.97	14	16	26	12	14	38	535	126	877	143	0	1681
24	1681	14	38	38732	23.04	15	24	28	13	14	38	1238	105	187	151	0	1681
25	1681	14	38	47303	28.14	24	28	36	12	14	38	1285	119	137	140	0	1681
26	1681	2	38	33717	20.06	14	15	25	11	2	38	584	112	829	155	1	1681
27	1681	2	38	35392	21.05	16	16	27	11	2	38	1126	104	288	156	7	1681
28	1681	2	38	34923	20.78	16	16	27	11	2	38	345	117	1074	137	8	1681
29	1681	2	38	32667	19.43	15	16	25	10	2	38	213	99	793	568	8	1681
30	1681	2	38	35824	21.31	14	16	28	14	2	38	174	131	1130	239	7	1681
31	1680	2	38	35365	21.05	15	16	27	12	2	38	159	111	416	986	8	1681
32	1680	2	38	33257	19.80	16	16	25	9	3	38	1027	109	184	352	8	1681
33	1680	2	38	32386	19.28	14	16	24	10	2	38	468	118	905	181	8	1681
34	1680	2	38	33685	20.05	16	16	25	9	3	38	1079	132	310	157	2	1681
35	1680	2	38	32691	19.46	16	16	16	0	16	16	519	122	179	859	1	1681
36	1680	2	38	33893	20.17	16	16	25	9	3	38	284	682	190	523	1	1681
37	1680	2	38	37820	22.51	16	24	28	12	2	38	172	210	174	1123	1	1681
38	1680	14	38	34967	20.81	16	16	27	11	14	38	161	934	148	437	0	1681
39	1680	2	38	34123	20.31	15	16	27	12	2	38	186	341	926	222	5	1681
40	1680	14	38	41073	24.45	16	27	28	12	14	38	175	129	1215	161	0	1681
41	1680	2	38	32947	19.61	14	15	27	13	2	38	154	131	832	555	8	1681
42	1680	2	38	35273	21.00	14	16	27	13	2	38	164	139	1150	219	8	1681
43	1680	2	38	42432	25.26	16	27	34	18	2	38	173	108	1232	159	8	1681
44	1680	2	38	32345	19.25	14	14	25	11	2	38	156	111	930	475	8	1681
45	1680	2	38	31601	18.81	14	15	24	10	2	38	198	637	490	347	8	1681
46	1680	2	38	35082	20.88	14	16	27	13	2	38	145	217	1141	169	8	1681
47	1680	2	38	31203	18.57	14	14	24	10	2	38	169	809	541	153	8	1681
48	1680	2	38	36181	21.54	14	24	27	13	2	38	174	1131	235	133	7	1681
49	1680	2	38	32332	19.25	14	14	25	11	2	38	169	353	1029	121	8	1681
50	1680	2	38	31043	18.48	14	14	24	10	2	38	165	184	911	414	6	1681
51	1680	2	38	32701	19.46	14	14	25	11	2	38	814	165	461	232	8	1681
52	1680	2	38	33194	19.76	14	15	25	11	2	38	318	154	260	940	8	1681
53	1680	2	38	33919	20.19	14	16	25	11	2	38	211	917	205	339	8	1681
54	1680	2	38	34109	20.30	15	16	26	11	2	38	892	405	180	195	8	1681
55	1680	2	38	34465	20.51	15	15	26	11	2	38	347	216	197	914	6	1681
56	1680	2	38	40125	23.88	15	26	28	13	2	38	202	144	165	1161	8	1681
57	1680	2	38	33124	19.72	15	15	25	10	2	38	849	146	169	508	8	1681
58	1680	2	38	38811	23.10	15	24	28	13	2	38	1177	128	160	207	8	1681
59	1680	2	38	44182	26.30	16	27	35	19	2	38	1239	117	162	154	8	1681
60	1680	2	38	47498	28.27	16	31	36	20	2	38	1273	113	158	128	8	1681
61	1679	2	38	49249	29.33	16	34	38	22	2	38	1268	110	157	136	8	1681
62	1676	2	38	49469	29.52	16	34	38	22	2	38	1302	95	155	116	8	1681
63	1673	2	38	49870	29.81	24	34	38	14	3	38	1273	118	150	124	8	1681
64	1673	2	38	49780	29.75	21	34	38	17	2	38	1295	99	139	132	8	1681
65	1673	2	38	49835	29.79	16	35	38	22	2	38	1270	101	168	126	8	1681
66	1673	2	38	49694	29.70	23	34	38	15	2	38	1296	102	139	128	8	1681
67	1673	2	38	44183	26.41	15	28	35	20	2	38	1248	110	167	140	8	1681
68	1673	2	38	37657	22.51	14	24	29	15	2	38	1180	139	198	148	8	1681
69	1673	2	38	34286	20.49	14	16	25	11	2	38	1076	160	255	174	8	1681
70	1673	2	38	33010	19.73	14	15	25	11	2	38	1013	176	285	191	8	1681
71	1673	2	38	32694	19.54	14	15	25	11	2	38	933	193	345	194	8	1681
72	1673	2	38	32478	19.41	14	15	25	11	2	38	953	186	313	213	8	1681
73	1673	2	38	31847	19.04	14	14	24	10	2	38	864	226	356	219	8	1681
74	1673	2	38	32040	19.15	14	14	25	11	2	38	845	208	369	243	8	1681
75	1672	2	38	31999	19.14	14	14	25	11	2	38	835	216	346	267	8	1681
76	1671	2	38	31679	18.96	13	14	24	11	2	38	749	222	430	262	8	1681
77	1671	2	38	32070	19.19	13	14	24	11	2	38	761	227	389	286	8	1681
78	1671	2	38	31668	18.95	14	14	24	10	2	38	738	248	407	270	8	1681
79	1671	2	38	31472	18.83	13	14	23	10	2	38	703	272	423	265	8	1681
80	1671	2	38	31729	18.99	13	14	23	10	2	38	675	245	447	296	8	1681
81	1671	2	38	31283	18.72	13	14	23	10	2	38	643	271	440	309	8	1681
82	1671	2	38	31178	18.66	13	14	23	10	2	38	588	268	490	317	8	1681
83	1671	2	38	31167	18.65	13	14	23	10	2	38	631	263	500	269	8	1681
84	1671	2	38	31093	18.61	13	14	23	10	2	38	557	253	547	306	8	1681
85	1671	2	38	31240	18.70	13	14	23	10	2	38	553	266	549	295	8	1681
86	1671	2	38	30898	18.49	13	14	23	10	2	38	566	283	546	268	8	1681
87	1671	2	38	30823	18.45	13	14	23	10	2	38	548	304	498	313	8	1681
88	1671	2	38	30217	18.08	13	14	23	10	2	38	540	319	525	279	8	1681
89	1671	2	38	30539	18.28	13	14	23	10	2	38	489	319	573	282	8	1681
90	1671	2	38	30602	18.31	13	14	23	10	2	38	530	330	505	299	7	1681
91	1671	2	38	30807	18.44	13	14	23	10	2	38	509	343	528	283	8	1681
92	1671	2	38	30508	18.26	13	14	23	10	2	38	505	329	547	282	8	1681
93	1671	2	38	30963	18.53	13	14	23	10	2	38	521	340	510	292	8	1681
94	1671	2	38	30560	18.29	13	14	23	10	2	38	539	315	502	307	8	1681
95	1671	2	38	30617	18.32	13	14	23	10	2	38	528	336	470	329	8	1681
96	1671	2	38	30181	18.06	13	14	23	10	2	38	530	333	472	328	8	1681
97	1671	2	38	30398	18.19	13	14	23	10	2	38	563	316	482	302	8	1681
98	1671	2	38	30213	18.08	13	14	23	10	2	38	569	334	467	293	8	1681
99	1671	2	38	29908	17.90	13	14	21	8	2	33	582	322	435	324	8	1681
100	1671	2	38	30683	18.36	13	14	23	10	2	38	616	306	455	286	8	1681
101	1671	2	38	30032	17.97	13	14	23	10	2	38	642	318	405	298	8	1681
102	1671	2	38	30053	17.99	13	14	23	10	2	38	677	283	399	304	8	1681
103	1671	2	38	30196	18.07	13	14	23	10	2	38	699	299	387	279	7	1681
104	1671	2	38	30304	18.14	13	14	23	10	2	38	654	317	402	290	8	1681
105	1671	2	38	30036	17.97	13	14	23	10	2	38	697	276	399	291	8	1681
106	1671	2	38	30556	18.29	13	14	23	10	2	38	712	301	380	270	8	1681
107	1671	2	38	29939	17.92	13	14	23	10	2	38	670	309	402	282	8	1681
108	1671	2	38	29892	17.89	13	14	23	10	2	38	720	305	369	269	8	1681
109	1671	2	38	29954	17.93	13	14	23	10	2	38	687	327	369	280	8	1681
110	1671	2	38	29948	17.92	13	14	23	10	2	38	626	319	436	282	8	1681
111	1671	2	38	29686	17.77	13	14	21	8	2	33	661	321	399	282	8	1681
112	1671	2	38	30025	17.97	13	14	23	10	2	38	627	332	401	303	8	1681
113	1671	2	38	29891	17.89	13	14	23	10	2	38	623	310	412	318	8	1681
114	1671	2	38	29692	17.77	13	14	21	8	2	33	627	336	381	319	8	1681
115	1671	2	38	29849	17.86	13	14	23	10	2	38	618	337	419	289	8	1681
116	1671	2	38	29723	17.79	13	14	21	8	2	33	657	306	403	297	8	1681
117	1671	2	38	29748	17.80	13	14	21	8	2	33	643	282	430	308	8	1681
118	1671	2	38	29085	17.41	13	14	21	8	2	33	593	333	439	298	8	1681
119	1671	2	38	29589	17.71	13	14	21	8	2	33	605	332	434	292	8	1681
120	1671	2	38	29659	17.75	13	14	22	9	2	35	570	354	427	312	8	1681
121	1671	2	38	29110	17.42	13	14	21	8	2	33	615	356	397	295	8	1681
122	1671	2	38	29401	17.59	13	14	21	8	2	33	617	312	440	294	8	1681
123	1671	2	38	29288	17.53	13	14	21	8	2	33	627	330	398	308	8	1681
124	1671	2	38	28847	17.26	13	13	21	8	2	33	586	341	424	312	8	1681
125	1671	2	38	28726	17.19	13	13	21	8	2	33	586	363	443	271	8	1681
126	1671	2	38	27807	16.64	13	13	21	8	2	33	649	300	442	272	8	1681
