column	count	min	max	sum	mean	Q1	med	Q3	IQR	lW	rW	A_Count	C_Count	G_Count	T_Count	N_Count	Max_count
1	36625419	2	34	1174273132	32.06	33	33	34	1	32	34	11301822	7926617	6439782	10904317	52881	36625419
2	36625413	2	34	1181358570	32.26	33	33	34	1	32	34	11547120	7241950	7589565	10214040	32738	36625419
3	36625405	2	34	1181801508	32.27	33	33	34	1	32	34	11034577	7674244	7636718	10246667	33199	36625419
4	36625397	2	34	1179499024	32.20	33	33	34	1	32	34	10420547	7875587	7641913	10651747	35603	36625419
5	36625386	2	34	1181036461	32.25	33	33	34	1	32	34	10550104	7446883	7795678	10797285	35436	36625419
6	36625378	2	38	1329182267	36.29	38	38	38	0	38	38	10643368	7757149	7870776	10331166	22919	36625419
7	36625368	2	38	1329352222	36.30	38	38	38	0	38	38	10542081	7454143	7996965	10604568	27611	36625419
8	36625354	2	38	1329287369	36.29	38	38	38	0	38	38	10708021	7622575	7724420	10545279	25059	36625419
9	36625333	2	38	1326103082	36.21	38	38	38	0	38	38	10554815	7693888	7629210	10722615	24805	36625419
10	36625299	2	38	1328276864	36.27	38	38	38	0	38	38	10615791	7719869	7682953	10583132	23554	36625419
11	36625250	2	38	1328405729	36.27	38	38	38	0	38	38	10587228	7748741	7631264	10636958	21059	36625419
12	36625202	2	38	1326168594	36.21	38	38	38	0	38	38	10610842	7729227	7606638	10601784	76711	36625419
13	36625130	2	38	1328666721	36.28	38	38	38	0	38	38	10675722	7679076	7614468	10655682	182	36625419
14	36625037	2	38	1327609315	36.25	38	38	38	0	38	38	10691905	7647276	7609791	10652759	23306	36625419
15	36624926	2	38	1327481836	36.25	38	38	38	0	38	38	10638160	7726345	7589499	10648434	22488	36625419
16	36624813	2	38	1326900509	36.23	38	38	38	0	38	38	10599536	7689223	7641403	10669921	24730	36625419
17	36624686	2	38	1327303848	36.24	38	38	38	0	38	38	10619249	7695520	7632128	10654476	23313	36625419
18	36624572	2	38	1327150556	36.24	38	38	38	0	38	38	10567705	7759224	7627173	10649204	21266	36625419
19	36624449	2	38	1326746325	36.23	38	38	38	0	38	38	10580416	7716333	7666236	10638631	22833	36625419
20	36624330	2	38	1326696366	36.22	38	38	38	0	38	38	10582975	7734819	7682453	10600905	23178	36625419
21	36624206	2	38	1323625307	36.14	38	38	38	0	38	38	10521244	7766762	7660764	10586123	89313	36625419
22	36624088	2	38	1324136474	36.15	38	38	38	0	38	38	10536369	7764745	7666924	10593676	62374	36625419
23	36623928	2	38	1325585980	36.19	38	38	38	0	38	38	10548721	7776821	7704131	10592655	1600	36625419
24	36623788	2	38	1325485346	36.19	38	38	38	0	38	38	10527699	7817805	7712495	10565102	687	36625419
25	36623613	2	38	1324820750	36.17	38	38	38	0	38	38	10532393	7797790	7737606	10553950	1874	36625419
26	36623439	2	38	1322654355	36.11	38	38	38	0	38	38	10517338	7777698	7735304	10528753	64346	36625419
27	36623233	2	38	1323958748	36.15	38	38	38	0	38	38	10483893	7835223	7753193	10534276	16648	36625419
28	36623066	2	38	1323961936	36.15	38	38	38	0	38	38	10495570	7827668	7755509	10524969	19350	36625419
29	36622865	2	38	1324452512	36.16	38	38	38	0	38	38	10502339	7815322	7762067	10524843	18294	36625419
30	36622682	2	38	1324948129	36.18	38	38	38	0	38	38	10475102	7844467	7776403	10507475	19235	36625419
31	36622488	2	38	1324814245	36.17	38	38	38	0	38	38	10494078	7836462	7767376	10503688	20884	36625419
32	36622304	2	38	1324508147	36.17	38	38	38	0	38	38	10507168	7839138	7757930	10498551	19517	36625419
33	36622129	2	38	1323896996	36.15	38	38	38	0	38	38	10492378	7851897	7768417	10489407	20030	36625419
34	36621928	2	38	1321669328	36.09	38	38	38	0	38	38	10483267	7828834	7774862	10469995	64970	36625419
35	36621722	2	38	1319732465	36.04	38	38	38	0	38	38	10501379	7839388	7790380	10456688	33887	36625419
36	36621511	2	38	1321262732	36.08	38	38	38	0	38	38	10477473	7859571	7775482	10476056	32929	36625419
37	36621316	2	38	1321595386	36.09	38	38	38	0	38	38	10484451	7843501	7791825	10466507	35032	36625419
38	36621103	2	38	1322350073	36.11	38	38	38	0	38	38	10500396	7844187	7819389	10456221	910	36625419
39	36620893	2	38	1321118542	36.08	38	38	38	0	38	38	10457143	7870397	7815845	10463530	13978	36625419
40	36620694	2	38	1319322104	36.03	38	38	38	0	38	38	10481943	7867160	7815028	10454668	1895	36625419
41	36620511	2	38	1320041335	36.05	38	38	38	0	38	38	10489774	7854001	7802508	10454982	19246	36625419
42	36620325	2	38	1319906604	36.04	38	38	38	0	38	38	10465477	7878979	7808673	10449884	17312	36625419
43	36620108	2	38	1319330789	36.03	38	38	38	0	38	38	10476001	7862692	7803451	10454633	23331	36625419
44	36619913	2	38	1318928028	36.02	38	38	38	0	38	38	10482048	7857378	7808203	10452306	19978	36625419
45	36619724	2	38	1315247255	35.92	37	38	38	1	36	38	10465896	7874333	7820545	10437014	21936	36625419
46	36619517	2	38	1316504460	35.95	37	38	38	1	36	38	10467800	7863283	7815399	10448587	24448	36625419
47	36619289	2	38	1316784628	35.96	37	38	38	1	36	38	10472818	7860681	7826600	10440982	18208	36625419
48	36619083	2	38	1316682360	35.96	37	38	38	1	36	38	10450246	7900088	7819377	10432303	17069	36625419
49	36618853	2	38	1316057110	35.94	37	38	38	1	36	38	10466373	7871320	7823513	10435185	22462	36625419
50	36618638	2	38	1312915589	35.85	37	38	38	1	36	38	10484731	7856936	7845754	10412824	18393	36625419
51	36618384	2	38	1313949916	35.88	37	38	38	1	36	38	10451145	7886881	7826441	10432182	21735	36625419
52	36618155	2	38	1314033527	35.88	37	38	38	1	36	38	10456847	7877321	7826261	10434740	22986	36625419
53	36617898	2	38	1313631610	35.87	37	38	38	1	36	38	10478929	7856763	7824011	10433150	25045	36625419
54	36617633	2	38	1313319252	35.87	37	38	38	1	36	38	10449886	7881060	7823853	10442966	19868	36625419
55	36617366	2	38	1313096509	35.86	37	38	38	1	36	38	10466856	7873603	7834916	10426044	15947	36625419
56	36617113	2	38	1311996290	35.83	37	38	38	1	36	38	10460205	7865946	7833830	10427222	29910	36625419
57	36616879	2	38	1311445459	35.82	37	38	38	1	36	38	10446574	7883857	7830421	10428341	27686	36625419
58	36616605	2	38	1310714661	35.80	37	38	38	1	36	38	10455460	7876104	7839138	10422207	23696	36625419
59	36616355	2	38	1309054059	35.75	37	38	38	1	36	38	10460222	7870075	7835357	10422341	28360	36625419
60	36616112	2	38	1308243188	35.73	37	38	38	1	36	38	10440175	7896150	7834025	10421386	24376	36625419
61	36615872	2	38	1307993155	35.72	37	38	38	1	36	38	10451738	7873063	7833684	10434266	23121	36625419
62	36615587	2	38	1307790050	35.72	37	38	38	1	36	38	10457087	7871930	7837285	10429327	19958	36625419
63	36615312	2	38	1306976185	35.69	37	38	38	1	36	38	10444446	7893886	7828870	10424437	23673	36625419
64	36615003	2	38	1306315112	35.68	37	38	38	1	36	38	10453437	7881340	7829645	10426732	23849	36625419
65	36614698	2	38	1305046759	35.64	37	38	38	1	36	38	10464016	7865697	7839882	10417914	27189	36625419
66	36614368	2	38	1304461043	35.63	37	38	38	1	36	38	10444530	7887568	7834515	10424629	23126	36625419
67	36614031	2	38	1300764212	35.53	37	38	38	1	36	38	10452614	7872015	7853181	10414029	22192	36625419
68	36613738	2	38	1301787490	35.55	37	38	38	1	36	38	10455715	7876409	7838961	10420976	21677	36625419
69	36613429	2	38	1301532079	35.55	37	38	38	1	36	38	10436998	7895227	7834700	10423245	23259	36625419
70	36613094	2	38	1300858456	35.53	37	38	38	1	36	38	10450788	7875675	7837417	10418098	31116	36625419
71	36612743	2	38	1300445035	35.52	37	38	38	1	36	38	10456825	7866501	7835650	10426532	27235	36625419
72	36612353	2	38	1299934371	35.51	37	38	38	1	36	38	10431566	7899680	7838847	10420451	21809	36625419
73	36611975	2	38	1298787909	35.47	37	38	38	1	36	38	10456971	7879244	7826782	10426488	22490	36625419
74	36611589	2	38	1297801291	35.45	37	38	38	1	36	38	10458014	7863437	7839979	10426810	23349	36625419
75	36611183	2	38	1296649504	35.42	37	38	38	1	36	38	10435785	7892978	7839920	10419763	22737	36625419
76	36610774	2	38	1296036782	35.40	37	38	38	1	36	38	10452617	7878235	7832047	10423725	24150	36625419
77	36610365	2	38	1294970003	35.37	37	38	38	1	36	38	10460199	7869539	7837071	10420288	23268	36625419
78	36609961	2	38	1293245506	35.32	36	38	38	2	33	38	10442307	7883976	7835286	10426581	21811	36625419
79	36609533	2	38	1292762745	35.31	36	38	38	2	33	38	10439531	7878153	7843703	10425626	22520	36625419
80	36609067	2	38	1292478176	35.30	36	38	38	2	33	38	10445978	7888960	7833503	10417154	23472	36625419
81	36608649	2	38	1291312809	35.27	36	38	38	2	33	38	10436959	7895850	7826357	10425244	24239	36625419
82	36608183	2	38	1289717820	35.23	36	38	38	2	33	38	10449844	7879388	7837279	10417170	24502	36625419
83	36607734	2	38	1288936650	35.21	36	38	38	2	33	38	10450839	7876399	7840607	10417573	22316	36625419
84	36607305	2	38	1287473451	35.17	36	38	38	2	33	38	10434788	7895328	7828349	10427483	21357	36625419
85	36606816	2	38	1286050119	35.13	36	38	38	2	33	38	10442271	7877038	7830620	10431230	25657	36625419
86	36606339	2	38	1285427494	35.11	36	38	38	2	33	38	10455287	7867928	7836849	10422517	23758	36625419
87	36605859	2	38	1283910986	35.07	36	38	38	2	33	38	10434824	7887913	7842062	10417506	23554	36625419
88	36605361	2	38	1282519830	35.04	36	38	38	2	33	38	10441483	7884610	7832281	10427161	19826	36625419
89	36604802	2	38	1281715528	35.01	36	38	38	2	33	38	10448829	7876598	7835494	10424093	19788	36625419
90	36604214	2	38	1280292545	34.98	36	38	38	2	33	38	10432337	7895687	7843606	10411523	21061	36625419
91	36603677	2	38	1279106497	34.94	36	38	38	2	33	38	10434125	7877446	7841361	10426209	24536	36625419
92	36603115	2	38	1277574736	34.90	36	38	38	2	33	38	10433145	7875367	7844261	10423803	26539	36625419
93	36602586	2	38	1276189868	34.87	36	38	38	2	33	38	10428097	7893206	7835151	10421787	24345	36625419
94	36602049	2	38	1274937061	34.83	36	38	38	2	33	38	10436696	7880531	7836828	10424657	23337	36625419
95	36601568	2	38	1273106187	34.78	35	38	38	3	31	38	10439096	7876154	7842477	10422410	21431	36625419
96	36601306	2	38	1271410401	34.74	35	38	38	3	31	38	10429211	7892525	7838751	10421125	19694	36625419
97	36601278	2	38	1269621381	34.69	35	38	38	3	31	38	10442864	7879383	7833135	10420091	25805	36625419
98	36601257	2	38	1265853680	34.58	35	38	38	3	31	38	10451616	7872779	7839425	10409489	27948	36625419
99	36601236	2	38	1266427942	34.60	35	38	38	3	31	38	10427652	7891890	7836551	10421673	23470	36625419
100	36601221	2	38	1265445040	34.57	35	38	38	3	31	38	10431326	7885606	7835683	10421180	27426	36625419
101	36601211	2	38	1264157743	34.54	35	38	38	3	31	38	10440162	7875453	7842189	10417403	26004	36625419
102	36601204	2	38	1262187242	34.48	35	38	38	3	31	38	10423232	7886986	7840056	10426025	24905	36625419
103	36601197	2	38	1258880541	34.39	35	38	38	3	31	38	10442518	7889743	7854808	10394830	19298	36625419
104	36601188	2	38	1259521260	34.41	35	38	38	3	31	38	10441916	7874750	7839329	10421822	23371	36625419
105	36601173	2	38	1258211659	34.38	35	38	38	3	31	38	10431074	7891176	7829856	10424369	24698	36625419
106	36601164	2	38	1256440702	34.33	35	38	38	3	31	38	10441525	7877384	7834408	10420957	26890	36625419
107	36601155	2	38	1255038974	34.29	34	38	38	4	28	38	10442772	7878227	7841946	10413661	24549	36625419
108	36601151	2	38	1251469965	34.19	34	38	38	4	28	38	10421646	7901182	7844277	10412408	21638	36625419
109	36601135	2	38	1250271585	34.16	34	38	38	4	28	38	10435533	7875664	7838107	10427661	24170	36625419
110	36601120	2	38	1248745649	34.12	34	38	38	4	28	38	10437034	7873123	7847517	10424619	18827	36625419
111	36601120	2	38	1247638647	34.09	34	38	38	4	28	38	10421073	7892660	7842469	10420213	24705	36625419
112	36601120	2	38	1246160813	34.05	34	38	38	4	28	38	10426736	7887581	7839776	10422698	24329	36625419
113	36601120	2	38	1241393720	33.92	34	38	38	4	28	38	10435338	7883069	7845812	10413064	23837	36625419
114	36601120	2	38	1238626952	33.84	34	38	38	4	28	38	10422025	7887771	7842056	10425086	24182	36625419
115	36601120	2	38	1236061877	33.77	34	38	38	4	28	38	10438822	7884534	7838222	10413323	26219	36625419
116	36601120	2	38	1234978501	33.74	34	38	38	4	28	38	10433108	7885175	7836130	10423013	23694	36625419
117	36601120	2	38	1233003532	33.69	34	38	38	4	28	38	10422048	7899199	7834403	10424279	21191	36625419
118	36601120	2	38	1230059140	33.61	33	38	38	5	26	38	10434581	7881902	7833676	10425183	25778	36625419
119	36601120	2	38	1227969011	33.55	33	38	38	5	26	38	10425887	7875283	7848781	10426173	24996	36625419
120	36601120	2	38	1224109097	33.44	33	38	38	5	26	38	10421277	7910266	7827318	10415002	27257	36625419
121	36601120	2	38	1220702299	33.35	33	38	38	5	26	38	10438271	7886432	7825471	10423758	27188	36625419
122	36601120	2	38	1218044224	33.28	33	38	38	5	26	38	10437608	7871465	7851826	10416586	23635	36625419
123	36601120	2	38	1215081147	33.20	33	38	38	5	26	38	10418642	7902504	7837163	10417060	25751	36625419
124	36601120	2	38	1212401549	33.12	32	38	38	6	23	38	10423405	7891632	7836023	10423715	26345	36625419
125	36601120	2	38	1209897741	33.06	32	38	38	6	23	38	10433314	7870794	7838439	10430972	27601	36625419
126	36601120	2	38	1058159300	28.91	21	33	38	17	2	38	10283156	7952294	7924885	10414108	26677	36625419
