column	count	min	max	sum	mean	Q1	med	Q3	IQR	lW	rW	A_Count	C_Count	G_Count	T_Count	N_Count	Max_count
1	44257	2	34	1451431	32.80	33	34	34	1	32	34	11849	11178	9301	11851	78	44257
2	44232	18	34	1457328	32.95	33	34	34	1	32	34	12190	10102	10467	11473	0	44257
3	44229	18	34	1458231	32.97	33	34	34	1	32	34	11022	10944	10996	11267	0	44257
4	44228	15	34	1457009	32.94	33	34	34	1	32	34	11094	11341	10569	11224	0	44257
5	44228	2	34	1457045	32.94	33	34	34	1	32	34	11491	10164	11050	11521	2	44257
6	44228	14	38	1612818	36.47	37	38	38	1	36	38	11355	10151	11489	11233	0	44257
7	44228	14	38	1623230	36.70	37	38	38	1	36	38	11464	10211	11303	11250	0	44257
8	44228	14	38	1627708	36.80	38	38	38	0	38	38	11447	11113	10742	10926	0	44257
9	44228	14	38	1630792	36.87	38	38	38	0	38	38	11226	11038	10642	11322	0	44257
10	44228	14	38	1630710	36.87	38	38	38	0	38	38	11275	10859	10856	11238	0	44257
11	44228	14	38	1630761	36.87	38	38	38	0	38	38	11294	10979	10780	11175	0	44257
12	44228	14	38	1627708	36.80	38	38	38	0	38	38	11196	11037	10446	11549	0	44257
13	44227	14	38	1628055	36.81	38	38	38	0	38	38	11428	10665	10612	11522	0	44257
14	44227	14	38	1629813	36.85	38	38	38	0	38	38	11625	10435	10717	11450	0	44257
15	44226	14	38	1631246	36.88	38	38	38	0	38	38	11565	10445	10707	11509	0	44257
16	44224	14	38	1630824	36.88	38	38	38	0	38	38	11743	10775	10815	10891	0	44257
17	44224	14	38	1631764	36.90	38	38	38	0	38	38	11518	10906	10643	11157	0	44257
18	44224	14	38	1632317	36.91	38	38	38	0	38	38	11155	10687	11281	11101	0	44257
19	44224	14	38	1632545	36.92	38	38	38	0	38	38	11161	10662	11331	11070	0	44257
20	44224	14	38	1633795	36.94	38	38	38	0	38	38	11203	10981	10960	11080	0	44257
21	44223	14	38	1632132	36.91	38	38	38	0	38	38	10995	10923	10759	11546	0	44257
22	44223	14	38	1633118	36.93	38	38	38	0	38	38	11339	11001	10669	11214	0	44257
23	44223	14	38	1634469	36.96	38	38	38	0	38	38	10985	11105	10768	11365	0	44257
24	44223	14	38	1632771	36.92	38	38	38	0	38	38	11398	11032	10609	11184	0	44257
25	44223	14	38	1631195	36.89	38	38	38	0	38	38	11359	10794	10784	11286	0	44257
26	44223	14	38	1630543	36.87	38	38	38	0	38	38	11562	10654	10661	11346	0	44257
27	44223	14	38	1629062	36.84	38	38	38	0	38	38	11280	10864	10829	11250	0	44257
28	44223	14	38	1626967	36.79	38	38	38	0	38	38	11054	10915	10899	11355	0	44257
29	44222	14	38	1625289	36.75	38	38	38	0	38	38	11314	10908	10686	11314	0	44257
30	44221	14	38	1625727	36.76	38	38	38	0	38	38	11559	10400	10991	11271	0	44257
31	44221	14	38	1624755	36.74	38	38	38	0	38	38	10902	11142	10857	11320	0	44257
32	44221	2	38	1626723	36.79	38	38	38	0	38	38	11618	10797	10223	11582	1	44257
33	44220	14	38	1626354	36.78	38	38	38	0	38	38	11311	10686	10916	11307	0	44257
34	44220	14	38	1625344	36.76	38	38	38	0	38	38	11414	10991	10938	10877	0	44257
35	44219	14	38	1622890	36.70	38	38	38	0	38	38	11287	11511	10539	10882	0	44257
36	44219	14	38	1622246	36.69	38	38	38	0	38	38	11194	11085	10808	11132	0	44257
37	44219	14	38	1620980	36.66	38	38	38	0	38	38	11445	10842	10697	11235	0	44257
38	44219	14	38	1616870	36.57	38	38	38	0	38	38	11389	10524	11157	11149	0	44257
39	44218	14	38	1615374	36.53	38	38	38	0	38	38	11333	10933	10929	11023	0	44257
40	44218	2	38	1611771	36.45	38	38	38	0	38	38	11188	11046	10454	11529	1	44257
41	44215	2	38	1613079	36.48	38	38	38	0	38	38	11500	10830	10557	11326	2	44257
42	44212	14	38	1612752	36.48	38	38	38	0	38	38	11620	10518	11038	11036	0	44257
43	44212	14	38	1610641	36.43	38	38	38	0	38	38	10995	10883	11228	11106	0	44257
44	44212	2	38	1608901	36.39	38	38	38	0	38	38	11285	11009	11013	10900	5	44257
45	44212	2	38	1608659	36.39	38	38	38	0	38	38	11254	10725	10840	11390	3	44257
46	44210	2	38	1607806	36.37	37	38	38	1	36	38	11172	10748	11091	11196	3	44257
47	44209	14	38	1606252	36.33	37	38	38	1	36	38	11370	10792	10941	11106	0	44257
48	44207	2	38	1599486	36.18	37	38	38	1	36	38	11200	11155	10623	11225	4	44257
49	44206	14	38	1600406	36.20	37	38	38	1	36	38	11381	10982	10706	11137	0	44257
50	44205	2	38	1597431	36.14	37	38	38	1	36	38	11446	10737	10774	11247	1	44257
51	44203	14	38	1598987	36.17	37	38	38	1	36	38	11007	10923	10852	11421	0	44257
52	44202	13	38	1596694	36.12	37	38	38	1	36	38	10898	11048	10510	11746	0	44257
53	44200	14	38	1592746	36.03	37	38	38	1	36	38	11206	10800	10885	11309	0	44257
54	44199	13	38	1591913	36.02	37	38	38	1	36	38	11161	10352	11128	11558	0	44257
55	44196	13	38	1588013	35.93	37	38	38	1	36	38	11545	10310	10872	11469	0	44257
56	44194	14	38	1585997	35.89	37	38	38	1	36	38	11622	10810	10856	10906	0	44257
57	44193	13	38	1585437	35.88	37	38	38	1	36	38	11510	11094	10472	11117	0	44257
58	44192	2	38	1583956	35.84	37	38	38	1	36	38	11074	10754	11280	11082	2	44257
59	44189	13	38	1582715	35.82	37	38	38	1	36	38	11195	10998	11061	10935	0	44257
60	44189	13	38	1579426	35.74	37	38	38	1	36	38	11217	11007	10566	11399	0	44257
61	44188	13	38	1579427	35.74	37	38	38	1	36	38	11159	10742	10724	11563	0	44257
62	44186	13	38	1575756	35.66	37	38	38	1	36	38	11480	10769	10724	11213	0	44257
63	44186	13	38	1576819	35.69	37	38	38	1	36	38	11271	10885	10668	11362	0	44257
64	44185	13	38	1574065	35.62	37	38	38	1	36	38	11823	10821	10510	11031	0	44257
65	44183	2	38	1574083	35.63	37	38	38	1	36	38	11488	10667	10571	11455	2	44257
66	44183	13	38	1570337	35.54	37	38	38	1	36	38	11247	10811	11089	11036	0	44257
67	44182	13	38	1569422	35.52	36	38	38	2	33	38	11512	10569	11055	11046	0	44257
68	44179	13	38	1568632	35.51	36	38	38	2	33	38	10918	10864	11295	11102	0	44257
69	44173	2	38	1565997	35.45	36	38	38	2	33	38	11360	10753	10710	11347	3	44257
70	44171	13	38	1560681	35.33	36	38	38	2	33	38	11635	10660	10687	11189	0	44257
71	44165	13	38	1557844	35.27	36	38	38	2	33	38	11003	11432	10877	10853	0	44257
72	44160	13	38	1555051	35.21	36	38	38	2	33	38	11117	11135	10570	11338	0	44257
73	44152	13	38	1554474	35.21	36	38	38	2	33	38	11156	10581	10760	11655	0	44257
74	44149	2	38	1549559	35.10	36	38	38	2	33	38	11299	10721	10999	11128	2	44257
75	44146	2	38	1538656	34.85	36	38	38	2	33	38	11341	10874	10773	11157	1	44257
76	44143	2	38	1538137	34.84	36	38	38	2	33	38	11294	11027	10577	11242	3	44257
77	44133	2	38	1537137	34.83	35	38	38	3	31	38	11500	10490	10992	11150	1	44257
78	44126	13	38	1535287	34.79	35	38	38	3	31	38	11356	10155	11365	11250	0	44257
79	44118	2	38	1526825	34.61	35	38	38	3	31	38	11172	10736	11162	11047	1	44257
80	44114	2	38	1519438	34.44	35	38	38	3	31	38	11207	11030	10941	10932	4	44257
81	44101	2	38	1518446	34.43	35	38	38	3	31	38	11139	10927	10674	11359	2	44257
82	44081	2	38	1519204	34.46	35	38	38	3	31	38	11533	10564	10818	11161	5	44257
83	44062	2	38	1516074	34.41	35	38	38	3	31	38	11048	10941	10858	11213	2	44257
84	44044	2	38	1511866	34.33	34	38	38	4	28	38	11073	11201	10626	11143	1	44257
85	44020	2	38	1511526	34.34	34	38	38	4	28	38	11334	10559	10486	11638	3	44257
86	43999	13	38	1509794	34.31	34	38	38	4	28	38	11402	10359	11111	11127	0	44257
87	43968	13	38	1508223	34.30	34	38	38	4	28	38	11364	10558	10880	11166	0	44257
88	43929	13	38	1500033	34.15	34	38	38	4	28	38	11629	10577	10583	11140	0	44257
89	43878	2	38	1494838	34.07	34	38	38	4	28	38	11543	10658	10750	10926	1	44257
90	43827	13	38	1490052	34.00	34	38	38	4	28	38	11300	10642	11191	10694	0	44257
91	43768	2	38	1486852	33.97	34	38	38	4	28	38	11304	10460	11026	10975	3	44257
92	43703	13	38	1481054	33.89	34	38	38	4	28	38	11179	10763	10755	11006	0	44257
93	43609	13	38	1476379	33.85	34	38	38	4	28	38	10881	10850	10624	11254	0	44257
94	43487	13	38	1469611	33.79	34	38	38	4	28	38	11291	10566	10436	11194	0	44257
95	43300	2	38	1463830	33.81	34	38	38	4	28	38	10865	10518	10721	11193	3	44257
96	42954	2	38	1453116	33.83	34	38	38	4	28	38	10883	10793	10476	10796	6	44257
97	42239	2	38	1426368	33.77	34	38	38	4	28	38	10901	10468	9857	11011	2	44257
98	41518	2	38	1394786	33.59	34	38	38	4	28	38	10845	9900	10050	10722	1	44257
99	40764	13	38	1361510	33.40	33	38	38	5	26	38	10253	9983	10235	10293	0	44257
100	39910	13	38	1327341	33.26	33	38	38	5	26	38	10172	9809	9679	10250	0	44257
101	39102	2	38	1303810	33.34	33	38	38	5	26	38	10137	9452	9628	9884	1	44257
102	38293	2	38	1270617	33.18	33	38	38	5	26	38	9923	9008	9437	9924	1	44257
103	37407	13	38	1239696	33.14	32	38	38	6	23	38	9375	9045	9146	9841	0	44257
104	36458	13	38	1203403	33.01	31	38	38	7	21	38	9562	8775	8891	9230	0	44257
105	35555	2	38	1166870	32.82	31	37	38	7	21	38	9032	8820	8447	9254	2	44257
106	34607	13	38	1133816	32.76	31	37	38	7	21	38	8895	8448	8417	8847	0	44257
107	33596	13	38	1094168	32.57	31	37	38	7	21	38	8808	8415	7974	8399	0	44257
108	32562	13	38	1059960	32.55	31	37	38	7	21	38	8152	7997	7989	8424	0	44257
109	31486	13	38	1020688	32.42	29	37	38	9	16	38	8010	7630	7728	8118	0	44257
110	30274	2	38	980914	32.40	29	37	38	9	16	38	8075	7119	7333	7745	2	44257
111	28996	2	38	935067	32.25	29	37	38	9	16	38	7305	7071	7174	7444	2	44257
112	27401	13	38	878744	32.07	29	37	38	9	16	38	7315	6881	6162	7043	0	44257
113	25584	2	38	820448	32.07	29	37	38	9	16	38	6545	6030	6252	6756	1	44257
114	23398	11	38	749990	32.05	29	37	38	9	16	38	6042	5674	5924	5758	0	44257
115	20639	2	38	658763	31.92	28	37	38	10	13	38	5262	4968	5078	5330	1	44257
116	16881	2	38	538576	31.90	28	37	38	10	13	38	4297	4049	4023	4510	2	44257
117	12486	2	38	399777	32.02	28	37	38	10	13	38	3445	2767	2794	3478	2	44257
118	7040	11	38	223990	31.82	28	36	38	10	13	38	1951	1335	1737	2017	0	44257
119	1071	11	38	32673	30.51	24	35	38	14	11	38	282	273	236	280	0	44257
120	1071	11	38	33006	30.82	25	35	38	13	11	38	308	257	238	268	0	44257
121	1071	11	38	32800	30.63	25	35	38	13	11	38	277	265	249	280	0	44257
122	1071	11	38	32521	30.37	24	35	38	14	11	38	257	280	272	262	0	44257
123	1071	11	38	32936	30.75	25	35	38	13	11	38	314	254	242	261	0	44257
124	1071	11	38	32328	30.18	23	34	38	15	11	38	277	250	261	283	0	44257
125	1071	11	38	32437	30.29	24	34	38	14	11	38	263	289	246	273	0	44257
126	1071	11	38	27948	26.10	14	29	35	21	11	38	308	264	242	257	0	44257
