column	count	min	max	sum	mean	Q1	med	Q3	IQR	lW	rW	A_Count	C_Count	G_Count	T_Count	N_Count	Max_count
1	28135898	2	34	888805254	31.59	32	33	34	2	29	34	8678110	6087107	5037661	8314316	18704	28135898
2	28135880	2	34	893722976	31.76	32	33	34	2	29	34	8867506	5586327	5890959	7774288	16800	28135898
3	28135859	2	34	895524272	31.83	32	33	34	2	29	34	8453243	5925219	5893791	7848346	15260	28135898
4	28135836	2	34	890366184	31.65	32	33	34	2	29	34	8001141	6088121	5902770	8127440	16364	28135898
5	28135810	2	34	890363065	31.65	32	33	34	2	29	34	8099553	5767212	6010861	8242484	15700	28135898
6	28135787	2	38	1000041503	35.54	37	38	38	1	36	38	8157866	5996641	6068249	7899212	13819	28135898
7	28135765	2	38	999471387	35.52	37	38	38	1	36	38	8091528	5771814	6151119	8106661	14643	28135898
8	28135749	2	38	998686401	35.50	37	38	38	1	36	38	8216583	5889469	5955788	8059634	14275	28135898
9	28135714	2	38	997608997	35.46	37	38	38	1	36	38	8100050	5938965	5886116	8196693	13890	28135898
10	28135682	2	38	997842582	35.47	37	38	38	1	36	38	8143613	5963355	5920672	8093462	14580	28135898
11	28135636	2	38	997131626	35.44	37	38	38	1	36	38	8126846	5979388	5881021	8133037	15344	28135898
12	28135596	2	38	996898903	35.43	37	38	38	1	36	38	8150758	5966799	5879396	8124648	13995	28135898
13	28135518	2	38	997076590	35.44	37	38	38	1	36	38	8190063	5923897	5859564	8147536	14458	28135898
14	28135451	2	38	996650185	35.42	37	38	38	1	36	38	8208248	5902514	5863118	8147620	13951	28135898
15	28135350	2	38	996220216	35.41	37	38	38	1	36	38	8163762	5963686	5846259	8147923	13720	28135898
16	28135249	2	38	995577572	35.39	37	38	38	1	36	38	8135563	5942957	5882181	8161020	13528	28135898
17	28135163	2	38	994366166	35.34	37	38	38	1	36	38	8155329	5932013	5894021	8138559	15241	28135898
18	28135041	2	38	994142791	35.33	37	38	38	1	36	38	8113210	5982891	5879202	8145059	14679	28135898
19	28134936	2	38	994272385	35.34	37	38	38	1	36	38	8122128	5955543	5894690	8148170	14405	28135898
20	28134809	2	38	993815369	35.32	37	38	38	1	36	38	8126201	5966765	5916174	8110987	14682	28135898
21	28134683	2	38	992842681	35.29	37	38	38	1	36	38	8095595	5997930	5918976	8108524	13658	28135898
22	28134544	2	38	992379005	35.27	37	38	38	1	36	38	8105898	5988671	5911265	8114355	14355	28135898
23	28134426	2	38	992287510	35.27	36	38	38	2	33	38	8089506	5995144	5935549	8101431	12796	28135898
24	28134301	2	38	992101344	35.26	37	38	38	1	36	38	8070302	6027472	5935646	8087037	13844	28135898
25	28134162	2	38	991799565	35.25	36	38	38	2	33	38	8078668	6017791	5944229	8080440	13034	28135898
26	28134014	2	38	991074704	35.23	36	38	38	2	33	38	8087813	6004360	5956642	8070202	14997	28135898
27	28133862	2	38	990898022	35.22	36	38	38	2	33	38	8048266	6041448	5969958	8058299	15891	28135898
28	28133712	2	38	990314463	35.20	36	38	38	2	33	38	8065651	6031676	5964433	8054789	17163	28135898
29	28133544	2	38	989445082	35.17	36	38	38	2	33	38	8072278	6025535	5971297	8046831	17603	28135898
30	28133384	2	38	989340255	35.17	36	38	38	2	33	38	8042570	6047512	5985332	8039106	18864	28135898
31	28133242	2	38	989290379	35.16	36	38	38	2	33	38	8052936	6040873	5980783	8039784	18866	28135898
32	28133096	2	38	989264853	35.16	36	38	38	2	33	38	8070992	6032086	5973055	8037345	19618	28135898
33	28132902	2	38	988537319	35.14	36	38	38	2	33	38	8050631	6048844	5983892	8030867	18668	28135898
34	28132752	2	38	987820856	35.11	36	38	38	2	33	38	8064172	6034224	5993474	8019625	21257	28135898
35	28132596	2	38	987191864	35.09	36	38	38	2	33	38	8070264	6034521	5998802	8008386	20623	28135898
36	28132411	2	38	987137271	35.09	36	38	38	2	33	38	8052855	6057824	5986106	8016076	19550	28135898
37	28132253	2	38	986838605	35.08	36	38	38	2	33	38	8059536	6040672	5999517	8013318	19210	28135898
38	28132077	2	38	986177480	35.06	36	38	38	2	33	38	8063851	6038925	6017061	7993620	18620	28135898
39	28131913	2	38	985509671	35.03	36	38	38	2	33	38	8039563	6059340	6012368	8001787	18855	28135898
40	28131729	2	38	985001285	35.01	36	38	38	2	33	38	8048656	6058571	6005219	8000380	18903	28135898
41	28131541	2	38	984548375	35.00	36	38	38	2	33	38	8060469	6043467	6010758	7999145	17702	28135898
42	28131342	2	38	983204999	34.95	36	38	38	2	33	38	8039662	6063701	6018339	7991567	18073	28135898
43	28131158	2	38	983203378	34.95	36	38	38	2	33	38	8042377	6060123	6012658	7999131	16869	28135898
44	28130962	2	38	981359617	34.89	36	38	38	2	33	38	8048440	6053972	6023257	7987649	17644	28135898
45	28130769	2	38	981125558	34.88	36	38	38	2	33	38	8035748	6067983	6017809	7992607	16622	28135898
46	28130569	2	38	981244675	34.88	36	38	38	2	33	38	8039426	6061756	6018275	7994456	16656	28135898
47	28130356	2	38	980908738	34.87	36	38	38	2	33	38	8041695	6058802	6025899	7987831	16129	28135898
48	28130145	2	38	980102588	34.84	36	38	38	2	33	38	8022778	6085800	6018840	7986155	16572	28135898
49	28129942	2	38	978679934	34.79	36	38	38	2	33	38	8031380	6065829	6031627	7985046	16060	28135898
50	28129743	2	38	978216832	34.78	36	38	38	2	33	38	8037433	6064292	6028936	7982813	16269	28135898
51	28129540	2	38	977734247	34.76	36	38	38	2	33	38	8020126	6081213	6026499	7986190	15512	28135898
52	28129309	2	38	977118497	34.74	36	38	38	2	33	38	8031436	6074722	6025650	7981347	16154	28135898
53	28129084	2	38	975754029	34.69	36	38	38	2	33	38	8039296	6064962	6030800	7977167	16859	28135898
54	28128865	2	38	975322538	34.67	35	38	38	3	31	38	8015166	6080295	6025519	7991539	16346	28135898
55	28128637	2	38	974806219	34.66	35	38	38	3	31	38	8025647	6077656	6026626	7981963	16745	28135898
56	28128392	2	38	974008885	34.63	35	38	38	3	31	38	8031116	6067371	6031918	7981978	16009	28135898
57	28128170	2	38	973274710	34.60	35	38	38	3	31	38	8010428	6088459	6029681	7984007	15595	28135898
58	28127943	2	38	972427022	34.57	35	38	38	3	31	38	8023663	6080400	6034584	7973588	15708	28135898
59	28127705	2	38	971474513	34.54	35	38	38	3	31	38	8025346	6076325	6037599	7973192	15243	28135898
60	28127476	2	38	970828466	34.52	35	38	38	3	31	38	8013704	6094893	6028618	7976274	13987	28135898
61	28127206	2	38	969889303	34.48	35	38	38	3	31	38	8018126	6077963	6032716	7984449	13952	28135898
62	28126926	2	38	968767301	34.44	35	38	38	3	31	38	8021226	6081058	6031440	7979278	13924	28135898
63	28126648	2	38	967930295	34.41	35	38	38	3	31	38	8014825	6094299	6026303	7978886	12335	28135898
64	28126363	2	38	966902803	34.38	35	38	38	3	31	38	8022204	6085636	6028079	7977752	12692	28135898
65	28126125	2	38	966245391	34.35	35	38	38	3	31	38	8031886	6076868	6032513	7972746	12112	28135898
66	28125837	2	38	965319740	34.32	35	38	38	3	31	38	8015693	6083544	6034757	7981199	10644	28135898
67	28125511	2	38	964194100	34.28	34	38	38	4	28	38	8023526	6085104	6035423	7970173	11285	28135898
68	28125173	2	38	962435782	34.22	34	38	38	4	28	38	8026768	6081985	6033994	7971204	11222	28135898
69	28124872	2	38	962041529	34.21	34	38	38	4	28	38	8009528	6096156	6035061	7973994	10133	28135898
70	28124511	2	38	961197257	34.18	34	38	38	4	28	38	8027181	6085086	6032544	7969441	10259	28135898
71	28124204	2	38	959736824	34.12	34	38	38	4	28	38	8023331	6082192	6036445	7972615	9621	28135898
72	28123891	2	38	958324876	34.08	34	38	38	4	28	38	8007626	6102683	6029617	7974446	9519	28135898
73	28123578	2	38	956793741	34.02	34	38	38	4	28	38	8022200	6090272	6029103	7971260	10743	28135898
74	28123222	2	38	955497252	33.98	34	38	38	4	28	38	8024582	6079409	6034929	7973209	11093	28135898
75	28122910	2	38	954416042	33.94	34	38	38	4	28	38	8009555	6100622	6028495	7973333	10905	28135898
76	28122573	2	38	952867296	33.88	34	38	38	4	28	38	8022565	6089344	6032086	7968868	9710	28135898
77	28122221	2	38	952006197	33.85	34	38	38	4	28	38	8024015	6085853	6033958	7968345	10050	28135898
78	28121835	2	38	950750573	33.81	34	38	38	4	28	38	8018225	6090787	6026458	7976703	9662	28135898
79	28121444	2	38	949606544	33.77	34	38	38	4	28	38	8016549	6089193	6039377	7964861	11464	28135898
80	28121006	2	38	948463606	33.73	34	38	38	4	28	38	8019431	6097232	6030490	7963299	10554	28135898
81	28120631	2	38	947238072	33.68	34	38	38	4	28	38	8011040	6105948	6023162	7969087	11394	28135898
82	28120223	2	38	945707450	33.63	34	38	38	4	28	38	8011573	6094403	6037156	7965188	11903	28135898
83	28119775	2	38	943951191	33.57	34	38	38	4	28	38	8016101	6093669	6036276	7959435	14294	28135898
84	28119341	2	38	942526576	33.52	33	38	38	5	26	38	8000604	6104468	6025253	7975112	13904	28135898
85	28118871	2	38	940799154	33.46	33	38	38	5	26	38	8012894	6090766	6027576	7973592	14043	28135898
86	28118414	2	38	938557186	33.38	33	38	38	5	26	38	8019408	6084019	6039961	7961173	13853	28135898
87	28117967	2	38	937001640	33.32	33	38	38	5	26	38	8003019	6102376	6039312	7959283	13977	28135898
88	28117486	2	38	935611664	33.28	33	38	38	5	26	38	8005656	6095635	6031242	7970574	14379	28135898
89	28117002	2	38	934475690	33.24	33	38	38	5	26	38	8013674	6093921	6029776	7964048	15583	28135898
90	28116531	2	38	933063281	33.19	33	38	38	5	26	38	7994247	6105676	6039747	7961381	15480	28135898
91	28116044	2	38	931531809	33.13	33	38	38	5	26	38	7998471	6095156	6042138	7963059	17220	28135898
92	28115557	2	38	930013590	33.08	33	38	38	5	26	38	8000138	6095700	6040912	7962124	16683	28135898
93	28115062	2	38	928879642	33.04	32	38	38	6	23	38	7995873	6106371	6031917	7965011	15890	28135898
94	28114551	2	38	926976219	32.97	31	38	38	7	21	38	8005222	6096011	6037001	7959848	16469	28135898
95	28114060	2	38	924970301	32.90	31	38	38	7	21	38	8003491	6090975	6041211	7960840	17543	28135898
96	28113750	2	38	922747213	32.82	31	38	38	7	21	38	7987756	6105803	6036510	7963865	19816	28135898
97	28113720	2	38	920941076	32.76	31	38	38	7	21	38	8004487	6097685	6036518	7954616	20414	28135898
98	28113696	2	38	917995196	32.65	31	37	38	7	21	38	8009396	6094421	6033808	7956329	19742	28135898
99	28113684	2	38	915245740	32.56	31	37	38	7	21	38	7989363	6112112	6038023	7957495	16691	28135898
100	28113677	2	38	913068232	32.48	29	37	38	9	16	38	8002084	6107969	6038222	7954528	10874	28135898
101	28113667	2	38	912115384	32.44	29	37	38	9	16	38	8002057	6108645	6042481	7953753	6731	28135898
102	28113662	2	38	911543221	32.42	29	37	38	9	16	38	7988314	6120557	6041669	7957473	5649	28135898
103	28113653	2	38	909291862	32.34	29	37	38	9	16	38	7996914	6111017	6043815	7953728	8179	28135898
104	28113649	2	38	907250318	32.27	29	37	38	9	16	38	8002829	6104895	6036588	7957205	12132	28135898
105	28113644	2	38	905703997	32.22	29	37	38	9	16	38	7992318	6116865	6036461	7955075	12925	28135898
106	28113636	2	38	903673271	32.14	29	37	38	9	16	38	7996568	6114849	6033634	7952182	16403	28135898
107	28113630	2	38	903069825	32.12	29	37	38	9	16	38	7994898	6103839	6043560	7954058	17275	28135898
108	28113621	2	38	901815584	32.08	29	37	38	9	16	38	7982303	6121834	6036640	7955566	17278	28135898
109	28113615	2	38	899498472	32.00	28	37	38	10	13	38	7995038	6108715	6035372	7957699	16791	28135898
110	28113612	2	38	896773840	31.90	28	37	38	10	13	38	7990656	6107005	6054159	7945681	16111	28135898
111	28113612	2	38	894892574	31.83	28	37	38	10	13	38	7978363	6122690	6042152	7954451	15956	28135898
112	28113612	2	38	892877955	31.76	28	37	38	10	13	38	7984948	6124750	6038148	7951076	14690	28135898
113	28113612	2	38	890430331	31.67	27	37	38	11	11	38	7989468	6115415	6042774	7950318	15637	28135898
114	28113612	2	38	888156650	31.59	27	36	38	11	11	38	7986094	6120968	6046088	7944882	15580	28135898
115	28113612	2	38	886474747	31.53	27	36	38	11	11	38	7985598	6122279	6038407	7950767	16561	28135898
116	28113612	2	38	884728303	31.47	27	36	38	11	11	38	7986111	6118675	6039325	7952602	16899	28135898
117	28113612	2	38	881829054	31.37	26	36	38	12	8	38	7976494	6129570	6036124	7955492	15932	28135898
118	28113612	2	38	880005522	31.30	26	36	38	12	8	38	7984791	6121285	6039337	7950343	17856	28135898
119	28113612	2	38	877927889	31.23	26	36	38	12	8	38	7985646	6118749	6046883	7944994	17340	28135898
120	28113612	2	38	875551642	31.14	25	36	38	13	6	38	7976260	6142520	6032865	7944441	17526	28135898
121	28113612	2	38	873309691	31.06	25	36	38	13	6	38	7985460	6131179	6033437	7945550	17986	28135898
122	28113612	2	38	869652795	30.93	24	36	38	14	3	38	7992007	6119704	6048285	7934097	19519	28135898
123	28113612	2	38	866833292	30.83	24	35	38	14	3	38	7965171	6142347	6040062	7945126	20906	28135898
124	28113612	2	38	863512705	30.72	24	35	38	14	3	38	7976855	6136926	6036446	7944285	19100	28135898
125	28113612	2	38	860460689	30.61	23	35	38	15	2	38	7981334	6128367	6043405	7943972	16534	28135898
126	28113612	2	38	768170041	27.32	15	31	37	22	2	38	7826766	6260807	6114528	7896692	14819	28135898
